7.63297 5.14091 7.62366 5.16268 
6.83242 7.0078 6.82364 7.02622 
-8.17231 4.10475 -8.20539 4.01979 
-7.18897 5.226 -7.12018 5.26497 
-0.655827 8.64201 -0.691544 8.61198 
-0.183628 9.00593 -0.156753 9.02484 
4.22895 -9.5502 4.16149 -9.57354 
-1.23445 -8.13079 -1.23236 -8.13266 
-8.5403 2.06941 -8.54035 2.06655 
-8.54066 2.05638 -8.54133 2.04224 
-8.42986 3.15882 -8.45344 2.99784 
-7.94772 4.52458 -8.01547 4.4154 
-8.25658 3.8818 -8.29316 3.77287 
-4.80675 6.05665 -4.88664 6.03299 
6.83242 7.0078 6.82748 7.00196 
5.08034 -3.43476 5.32845 -3.30675 
8.98008 -1.06708 9.22683 -1.10173 
2.38712 -9.83517 2.45229 -9.8358 
2.61777 -9.83567 2.62936 -9.83549 
5.8485 -8.50173 5.87232 -8.47662 
6.74414 -7.18674 6.73572 -7.20318 
-8.58359 0.527968 -8.58343 0.544836 
-8.55129 -1.85697 -8.55119 -1.85981 
-8.02064 -4.40781 -8.0667 -4.32741 
-8.14605 -4.16249 -8.16751 -4.11672 
-7.87576 -4.62446 -7.87603 -4.62412 
-7.87524 -4.62513 -7.81268 -4.70382 
-8.57812 -0.943057 -8.58062 -0.804339 
-8.5684 1.38893 -8.56731 1.43002 
-8.45824 2.96691 -8.46768 2.89513 
-8.29316 3.77287 -8.32664 3.64418 
-7.70193 4.82741 -7.71001 4.81886 
-7.89634 4.59701 -7.87301 4.6279 
-6.36991 5.5886 -6.51167 5.53986 
-5.79375 5.77186 -5.74717 5.78604 
-0.698943 8.60578 -0.697477 8.60703 
-1.99787 7.46615 -1.92595 7.52495 
-2.98072 6.798 -3.00635 6.78409 
-2.68304 6.97452 -2.73459 6.94305 
-6.36991 5.5886 -6.31032 5.61036 
-5.864 5.75126 -5.8185 5.76495 
-5.22117 5.93527 -5.15092 5.95577 
-4.20716 6.25171 -4.23011 6.24364 
7.21203 6.15682 7.2144 6.15093 
-0.697477 8.60703 -0.691544 8.61198 
-0.490289 8.77699 -0.517413 8.7553 
0.103492 9.19278 0.021305 9.14233 
-0.026407 9.11094 0.021305 9.14233 
0.834584 9.54701 0.877989 9.56295 
0.127347 9.20721 0.179355 9.23708 
1.95378 9.80674 2.04792 9.8152 
2.25454 9.83065 2.24355 9.83008 
8.25564 3.90141 8.23713 3.93292 
7.99702 4.36456 7.98785 4.3823 
8.52759 3.48811 8.44261 3.60787 
9.42883 2.39395 9.42617 2.39692 
8.96571 2.92107 8.95066 2.93966 
9.78145 1.98418 9.78784 1.97622 
10.6407 -0.0861146 10.6386 -0.137807 
10.5981 0.444359 10.5662 0.58002 
8.94309 -1.10701 8.97769 -1.04334 
10.1732 -1.45555 10.1735 -1.45505 
9.89578 -1.24883 9.95831 -1.46808 
10.6285 -0.248747 10.6254 -0.27594 
8.57221 -1.11309 8.42594 -1.06574 
8.2467 -1.00054 8.12738 -1.00427 
5.05181 -1.24683 5.14939 -1.07747 
5.14371 -2.47951 5.16575 -2.66536 
5.04185 -4.84143 5.03341 -4.75474 
1.2486 -9.67834 1.40599 -9.71688 
-0.508653 -8.76206 -0.692235 -8.6114 
2.13129 -9.82261 2.30001 -9.83221 
3.18795 -9.79396 3.30367 -9.77667 
3.86739 -9.66182 3.88833 -9.65628 
4.85231 -9.27252 4.75554 -9.32315 
5.1442 -9.09713 5.15396 -9.0905 
4.94691 -9.21957 4.92917 -9.22977 
6.80253 -7.07044 6.85073 -6.97134 
5.04301 -4.49776 5.09529 -4.37948 
7.51379 -5.41363 7.43965 -5.60399 
7.18513 -6.22116 7.15994 -6.28116 
-2.9931 -6.79755 -2.99453 -6.79911 
-2.86979 -6.86087 -2.91536 -6.83476 
-2.64723 -6.99702 -2.64674 -6.99733 
-2.28455 -7.24563 -2.27337 -7.25392 
-2.39691 -7.16565 -2.43449 -7.13962 
-2.64723 -6.99702 -2.77666 -6.91635 
-2.59386 -7.0316 -2.58391 -7.03832 
-2.59386 -7.0316 -2.63792 -7.00293 
-2.12847 -7.36349 -2.08406 -7.39766 
-1.80607 -7.62451 -1.79071 -7.63757 
-1.23236 -8.13266 -1.22609 -8.13832 
-1.1405 -8.21601 -1.08775 -8.26364 
-1.22609 -8.13832 -1.21741 -8.14615 
-1.55533 -7.84183 -1.50183 -7.88929 
-8.58274 -0.606165 -8.58303 -0.583256 
-8.58336 -0.539291 -8.58388 -0.478832 
-8.58343 0.544836 -8.58325 0.560231 
-8.58491 0.314792 -8.58468 0.348602 
-8.58125 0.748344 -8.58129 0.742653 
-8.56698 1.44276 -8.56711 1.43806 
-8.5792 0.904606 -8.57798 0.963928 
-8.57709 1.0178 -8.57682 1.0285 
-8.58565 -0.0394014 -8.58568 -0.0207815 
-8.58274 -0.606165 -8.58257 -0.622641 
-8.57523 -1.10833 -8.57774 -0.980408 
-8.58105 -0.734785 -8.58087 -0.763623 
-8.5377 -2.11204 -8.53794 -2.10889 
-8.57321 -1.20809 -8.57126 -1.29619 
-8.56738 -1.42473 -8.56552 -1.47833 
-8.47186 -2.85756 -8.47704 -2.81872 
-8.52575 -2.29139 -8.52426 -2.31804 
-8.55119 -1.85981 -8.55118 -1.86019 
-8.55129 -1.85697 -8.55353 -1.80881 
-8.50442 -2.55535 -8.51355 -2.45569 
-8.45161 -3.01472 -8.45927 -2.96095 
-8.32155 -3.6665 -8.30956 -3.7092 
-8.38372 -3.40218 -8.36092 -3.51276 
-8.3504 -3.55624 -8.35835 -3.52414 
-8.30203 -3.73403 -8.30474 -3.72637 
-8.29887 -3.7441 -8.25203 -3.89397 
-7.7824 -4.74034 -7.81268 -4.70382 
-7.00597 -5.31442 -7.00668 -5.32128 
-7.09917 -5.27766 -7.01815 -5.31802 
-7.7824 -4.74034 -7.76076 -4.76446 
-8.5358 2.14558 -8.53388 2.17122 
-8.52378 2.32861 -8.51734 2.40885 
-8.55839 1.69164 -8.55685 1.72115 
-8.57029 1.32969 -8.5684 1.38893 
-6.87499 5.38907 -6.87221 5.39046 
-8.23661 3.93916 -8.21809 3.986 
-8.20539 4.01979 -8.21809 3.986 
-8.42986 3.15882 -8.42728 3.1753 
-8.46849 2.88897 -8.48992 2.70793 
-7.8072 4.71062 -7.72368 4.80292 
-7.09722 5.27799 -7.12018 5.26497 
-7.01807 5.31911 -7.03261 5.31186 
-6.87221 5.39046 -6.87143 5.39089 
-7.31821 5.14215 -7.27597 5.17185 
-2.39546 7.16595 -2.37705 7.17901 
-1.84873 7.58912 -1.87672 7.5658 
-1.41755 7.96488 -1.47352 7.91456 
-1.49569 7.89471 -1.47352 7.91456 
-1.05224 8.29579 -1.07072 8.27914 
-0.792427 8.52577 -0.905944 8.42641 
-2.45994 7.12138 -2.43669 7.13742 
-3.50708 6.5316 -3.50809 6.53113 
-3.0837 6.74198 -3.00635 6.78409 
-3.26566 6.64671 -3.3061 6.62678 
-3.26566 6.64671 -3.23812 6.66049 
-3.50809 6.53113 -3.51327 6.52879 
-3.3561 6.60254 -3.3061 6.62678 
-5.55628 5.8399 -5.48146 5.86134 
-5.55628 5.8399 -5.56305 5.83809 
-6.18326 5.65247 -6.20238 5.6463 
-6.17155 5.65609 -6.05824 5.6923 
-5.7092 5.79626 -5.74717 5.78604 
-5.31597 5.9083 -5.24196 5.92945 
-5.10243 5.96989 -4.96861 6.00847 
-4.95751 6.01164 -4.96861 6.00847 
-4.78805 6.0624 -4.77623 6.06608 
-4.63088 6.11079 -4.5458 6.13825 
-4.3789 6.19297 -4.4411 6.17216 
-3.75025 6.42657 -3.80372 6.40441 
-4.00525 6.32554 -3.99068 6.33097 
-4.27231 6.22921 -4.23011 6.24364 
7.01254 6.61774 7.00982 6.62287 
7.10759 6.40446 7.09611 6.43023 
7.66805 5.06234 7.68591 5.02058 
7.2144 6.15093 7.21556 6.14815 
7.14177 6.32429 7.13707 6.3353 
6.82364 7.02622 6.78856 7.09771 
-0.0879246 9.07118 -0.156753 9.02484 
-0.19847 8.99527 -0.183628 9.00593 
-0.246582 8.96062 -0.301761 8.92137 
-0.703217 8.60213 -0.740037 8.57084 
-0.792427 8.52577 -0.7863 8.53104 
-0.740037 8.57084 -0.7863 8.53104 
0.802469 9.53367 0.834584 9.54701 
0.184304 9.23999 0.179355 9.23708 
0.579649 9.44109 0.49259 9.40174 
0.278775 9.2929 0.409578 9.36172 
-0.026407 9.11094 -0.0879246 9.07118 
0.232973 9.26815 0.184304 9.23999 
0.802469 9.53367 0.648416 9.47261 
0.949365 9.58786 1.03283 9.61569 
3.47989 9.74861 3.43045 9.75787 
3.89943 9.65308 3.87574 9.65969 
3.66906 9.71008 3.63203 9.71792 
3.89943 9.65308 4.01631 9.61973 
4.07331 9.59449 4.07947 9.58039 
3.72238 9.69771 3.86326 9.66295 
3.31998 9.77537 3.26382 9.78296 
2.56165 9.83606 2.62087 9.83544 
2.75283 9.83072 2.77245 9.82989 
1.68677 9.77125 1.6697 9.7685 
1.79973 9.78784 1.72791 9.77768 
1.28502 9.68778 1.27268 9.68474 
1.87717 9.7976 1.79973 9.78784 
6.77413 7.12767 6.73881 7.19739 
6.60128 7.44608 6.63622 7.38973 
8.26021 3.89425 8.28948 3.84309 
8.41142 3.65667 8.33356 3.77299 
8.41142 3.65667 8.44261 3.60787 
8.19875 3.99797 8.19881 3.99785 
8.22703 3.9499 8.23713 3.93292 
8.19881 3.99785 8.19904 3.99747 
7.99984 4.35904 8.00177 4.35538 
8.075 4.21773 8.09528 4.18053 
8.05839 4.24782 8.0573 4.24994 
7.76988 4.8332 7.76462 4.84458 
7.50394 5.4483 7.49849 5.46094 
8.66179 3.30399 8.65731 3.30955 
8.59394 3.39547 8.59647 3.39194 
8.95066 2.93966 8.91547 2.98328 
8.7002 3.25271 8.71881 3.22875 
8.79995 3.12615 8.82927 3.08938 
9.11456 2.74871 9.0871 2.78039 
10.0199 1.67865 10.0443 1.6433 
10.1004 1.56102 10.0862 1.58115 
10.0199 1.67865 10.0151 1.68525 
10.5471 0.654303 10.5515 0.642045 
10.4105 1.02219 10.4288 0.982699 
10.6225 0.303187 10.6094 0.386247 
10.4105 1.02219 10.3746 1.09669 
8.57221 -1.11309 8.62446 -1.00914 
10.2275 -1.36616 10.1748 -1.45305 
10.5829 -0.519664 10.5754 -0.552625 
10.3803 -1.08775 10.3897 -1.06818 
10.6254 -0.27594 10.614 -0.359813 
10.6386 -0.137807 10.633 -0.199513 
10.6407 -0.0861146 10.6416 -0.0601824 
9.22683 -1.10173 9.40475 -1.01388 
7.39766 -1.07044 7.44986 -1.07874 
6.4997 -1.10289 6.37364 -1.03224 
6.69393 -1.1477 6.58764 -1.05051 
6.4997 -1.10289 6.59546 -1.01844 
5.34375 -1.18566 5.18542 -1.09533 
5.34375 -1.18566 5.41686 -1.18219 
5.7909 -1.11776 6.00763 -1.06705 
5.63536 -1.03745 5.77684 -1.09207 
5.01179 -3.86265 5.04989 -3.82152 
5.04836 -3.62695 5.09791 -3.5594 
5.15754 -2.26167 5.13068 -2.22479 
5.03473 -2.94899 5.01547 -2.97962 
1.06484 -9.62574 1.20894 -9.66719 
-0.101289 -9.0625 -0.0388617 -9.10339 
-0.191972 -9.00019 -0.176584 -9.01069 
2.68239 -9.83398 2.71803 -9.83248 
3.00896 -9.81275 2.89366 -9.8232 
2.13129 -9.82261 2.01869 -9.81381 
1.87184 -9.79777 1.81216 -9.79002 
1.6283 -9.76111 1.72422 -9.77668 
1.6283 -9.76111 1.6098 -9.7578 
3.18795 -9.79396 3.10864 -9.80362 
2.8396 -9.82669 2.89341 -9.82322 
2.67002 -9.8344 2.68239 -9.83398 
3.85509 -9.66496 3.71578 -9.69992 
3.91942 -9.64761 3.88833 -9.65628 
3.91942 -9.64761 3.93283 -9.64383 
3.56099 -9.73303 3.54437 -9.73649 
3.70815 -9.7017 3.71261 -9.70067 
4.43536 -9.47072 4.5837 -9.40698 
4.85231 -9.27252 4.90191 -9.24519 
4.70451 -9.34944 4.71968 -9.34178 
6.09252 -8.21978 6.1206 -8.18375 
5.89282 -8.45458 5.89269 -8.45472 
6.34408 -7.8747 6.32149 -7.90848 
5.57209 -8.76777 5.47825 -8.84907 
5.30336 -8.98375 5.19501 -9.0618 
5.11723 -9.11424 4.98658 -9.19621 
5.35404 -8.94666 5.43533 -8.88315 
5.19501 -9.0618 5.15396 -9.0905 
5.47825 -8.84907 5.43533 -8.88315 
5.8485 -8.50173 5.79713 -8.55457 
6.13883 -8.16018 6.15362 -8.14075 
6.31827 -7.91323 6.24298 -8.01917 
6.41517 -7.76573 6.46051 -7.69293 
6.41517 -7.76573 6.41188 -7.77099 
6.46479 -7.68575 6.54459 -7.5525 
5.43087 -4.84585 5.35651 -4.833 
5.77803 -4.97961 5.74848 -4.75591 
6.23375 -4.88482 6.16633 -4.87542 
7.24923 -6.06689 7.30516 -5.93174 
7.20287 -6.17894 7.21892 -6.14057 
7.41209 -5.67053 7.4173 -5.65847 
7.15994 -6.28116 7.149 -6.30713 
7.07372 -4.92385 6.99115 -4.97766 
7.53652 -5.36147 7.5634 -5.30022 
6.92193 -6.82126 6.95835 -6.74258 
7.00456 -6.6386 7.0567 -6.52147 
6.90723 -6.85326 6.92193 -6.82126 
6.69799 -7.2754 6.70948 -7.25398 
-2.9996 -6.80749 -3 -6.80432 
-2.98693 -6.79405 -2.9931 -6.79755 
-2.99496 -6.80016 -2.9996 -6.80749 
-2.99453 -6.79911 -2.99496 -6.80016 
-2.98693 -6.79405 -2.91536 -6.83476 
-2.82066 -6.88971 -2.86979 -6.86087 
-2.77666 -6.91635 -2.81724 -6.89175 
-2.82066 -6.88971 -2.81724 -6.89175 
-2.37842 -7.17853 -2.34268 -7.20365 
-2.64674 -6.99733 -2.63792 -7.00293 
-2.37842 -7.17853 -2.39691 -7.16565 
-2.43449 -7.13962 -2.58391 -7.03832 
-2.28455 -7.24563 -2.34268 -7.20365 
-2.00847 -7.45732 -2.0676 -7.41038 
-2.12847 -7.36349 -2.25883 -7.26491 
-2.27337 -7.25392 -2.25883 -7.26491 
-2.0676 -7.41038 -2.08406 -7.39766 
-1.84877 -7.5882 -1.80607 -7.62451 
-1.95045 -7.50431 -1.99384 -7.46902 
-2.00847 -7.45732 -1.99384 -7.46902 
-1.56152 -7.83634 -1.61678 -7.78761 
-1.48824 -7.90135 -1.50183 -7.88929 
-1.27789 -8.09125 -1.23445 -8.13079 
-1.27789 -8.09125 -1.36065 -8.0162 
-1.42061 -7.96219 -1.36065 -8.0162 
-1.47524 -7.91296 -1.47711 -7.9113 
-1.55533 -7.84183 -1.56152 -7.83634 
-1.42061 -7.96219 -1.46283 -7.92414 
-1.47711 -7.9113 -1.48824 -7.90135 
-1.47524 -7.91296 -1.46283 -7.92414 
-1.67245 -7.73865 -1.61678 -7.78761 
-1.89332 -7.55135 -1.86239 -7.57676 
-1.67245 -7.73865 -1.69762 -7.71677 
-1.69762 -7.71677 -1.79071 -7.63757 
-1.89332 -7.55135 -1.95045 -7.50431 
-1.86239 -7.57676 -1.84877 -7.5882 
-7.00597 -5.31442 -7.00049 -5.19723 
-7 -5.15364 -7.00049 -5.19723 
-8.58534 0.228212 -8.58533 0.232367 
-8.58532 -0.236313 -8.58532 -0.234757 
-8.58533 0.232367 -8.58518 0.255062 
-8.58518 0.255062 -8.58514 0.262144 
-8.5841 0.461143 -8.58468 0.348602 
-8.58094 0.772381 -8.5792 0.904606 
-8.58359 0.527968 -8.5841 0.461143 
-8.58094 0.772381 -8.5812 0.753669 
-8.58287 0.60871 -8.58129 0.742653 
-8.58491 0.314792 -8.58514 0.262144 
-8.58287 0.60871 -8.58325 0.560231 
-8.5812 0.753669 -8.58125 0.748344 
-8.58565 -0.0394014 -8.5856 -0.0760105 
-8.5856 -0.0760105 -8.58532 -0.234757 
-8.58544 0.185407 -8.58573 0.0166086 
-8.58544 0.185407 -8.58534 0.228212 
-8.58568 -0.0207815 -8.58573 0.0166086 
-8.5853 -0.240118 -8.58496 -0.318843 
-8.5853 -0.240118 -8.58532 -0.236313 
-8.58496 -0.318843 -8.58466 -0.373594 
-8.58105 -0.734785 -8.58257 -0.622641 
-8.57791 -0.965754 -8.57774 -0.980408 
-8.57812 -0.943057 -8.57791 -0.965754 
-8.58336 -0.539291 -8.58303 -0.583256 
-8.58087 -0.763623 -8.58062 -0.804339 
-8.57321 -1.20809 -8.57483 -1.13551 
-8.56033 -1.59104 -8.565 -1.4887 
-8.56927 -1.36628 -8.56788 -1.41302 
-8.57491 -1.1299 -8.57483 -1.13551 
-8.56979 -1.35061 -8.57048 -1.32726 
-8.57523 -1.10833 -8.57491 -1.1299 
-8.56764 -1.41933 -8.56788 -1.41302 
-8.56552 -1.47833 -8.56539 -1.48227 
-8.56033 -1.59104 -8.55459 -1.76529 
-8.56738 -1.42473 -8.56749 -1.42253 
-8.56749 -1.42253 -8.56764 -1.41933 
-8.565 -1.4887 -8.56539 -1.48227 
-8.56927 -1.36628 -8.56979 -1.35061 
-8.57048 -1.32726 -8.57126 -1.29619 
-8.58388 -0.478832 -8.58415 -0.453319 
-8.58415 -0.453319 -8.58466 -0.373594 
-8.5432 -2.01252 -8.53889 -2.09484 
-8.5377 -2.11204 -8.53009 -2.23041 
-8.53794 -2.10889 -8.53804 -2.10752 
-8.47704 -2.81872 -8.48345 -2.76426 
-8.49736 -2.63939 -8.48345 -2.76426 
-8.44856 -3.03801 -8.44373 -3.07102 
-8.50232 -2.5779 -8.49904 -2.62066 
-8.50442 -2.55535 -8.50232 -2.5779 
-8.52041 -2.36793 -8.51945 -2.38197 
-8.51673 -2.41892 -8.51355 -2.45569 
-8.52041 -2.36793 -8.52426 -2.31804 
-8.53804 -2.10752 -8.53825 -2.10479 
-8.51673 -2.41892 -8.51945 -2.38197 
-8.52601 -2.2862 -8.53009 -2.23041 
-8.53825 -2.10479 -8.53889 -2.09484 
-8.55118 -1.86019 -8.55114 -1.86143 
-8.5432 -2.01252 -8.55114 -1.86143 
-8.52601 -2.2862 -8.52575 -2.29139 
-8.55459 -1.76529 -8.55353 -1.80881 
-8.49904 -2.62066 -8.49736 -2.63939 
-8.39292 -3.35113 -8.39153 -3.35814 
-8.30474 -3.72637 -8.30956 -3.7092 
-8.44373 -3.07102 -8.44261 -3.0782 
-8.42803 -3.16404 -8.43424 -3.13163 
-8.43424 -3.13163 -8.44261 -3.0782 
-8.39804 -3.32449 -8.40706 -3.28383 
-8.39153 -3.35814 -8.38372 -3.40218 
-8.39804 -3.32449 -8.39292 -3.35113 
-8.45161 -3.01472 -8.44856 -3.03801 
-8.46966 -2.87554 -8.46309 -2.92781 
-8.46309 -2.92781 -8.45927 -2.96095 
-8.46966 -2.87554 -8.47186 -2.85756 
-8.42803 -3.16404 -8.41528 -3.24428 
-8.40706 -3.28383 -8.41528 -3.24428 
-8.35835 -3.52414 -8.36092 -3.51276 
-8.34197 -3.58657 -8.3504 -3.55624 
-8.32586 -3.64837 -8.34197 -3.58657 
-8.32586 -3.64837 -8.32155 -3.6665 
-8.29887 -3.7441 -8.30203 -3.73403 
-8.25203 -3.89397 -8.19158 -4.05515 
-8.09885 -4.26202 -8.1183 -4.22447 
-8.16751 -4.11672 -8.19158 -4.05515 
-8.14605 -4.16249 -8.1183 -4.22447 
-7.30324 -5.15556 -7.23679 -5.19436 
-7.20856 -5.21404 -7.17718 -5.23151 
-7.12907 -5.26138 -7.09917 -5.27766 
-7.12907 -5.26138 -7.17718 -5.23151 
-7.43526 -5.06114 -7.42332 -5.06879 
-7.46037 -5.04183 -7.6021 -4.92299 
-7.20856 -5.21404 -7.23679 -5.19436 
-7.30324 -5.15556 -7.42332 -5.06879 
-8.09885 -4.26202 -8.08552 -4.29022 
-7.46037 -5.04183 -7.43526 -5.06114 
-7.63031 -4.8974 -7.6021 -4.92299 
-7.76076 -4.76446 -7.63732 -4.89026 
-7.63031 -4.8974 -7.63732 -4.89026 
-7.87603 -4.62412 -7.87616 -4.62393 
-7.87616 -4.62393 -7.87946 -4.61899 
-8.0167 -4.41484 -7.87946 -4.61899 
-7.87524 -4.62513 -7.87576 -4.62446 
-7.00668 -5.32128 -7.01815 -5.31802 
-8.02064 -4.40781 -8.0167 -4.41484 
-8.08552 -4.29022 -8.0667 -4.32741 
-8.54035 2.06655 -8.54066 2.05638 
-8.55171 1.83828 -8.55685 1.72115 
-8.56698 1.44276 -8.55952 1.6577 
-8.53988 2.07962 -8.5403 2.06941 
-8.52378 2.32861 -8.5283 2.25603 
-8.5283 2.25603 -8.53311 2.18324 
-8.50733 2.52666 -8.51734 2.40885 
-8.50733 2.52666 -8.5068 2.53217 
-8.53837 2.10351 -8.5358 2.14558 
-8.53388 2.17122 -8.53311 2.18324 
-8.53837 2.10351 -8.53988 2.07962 
-8.55171 1.83828 -8.54133 2.04224 
-8.55839 1.69164 -8.55952 1.6577 
-8.56711 1.43806 -8.56715 1.43578 
-8.57029 1.32969 -8.5728 1.21676 
-8.56715 1.43578 -8.56731 1.43002 
-8.57715 1.01545 -8.57709 1.0178 
-8.57715 1.01545 -8.57798 0.963928 
-8.5728 1.21676 -8.57682 1.0285 
-8.36943 3.47058 -8.3564 3.5223 
-8.14892 4.15794 -8.14234 4.17339 
-8.14234 4.17339 -8.13642 4.18517 
-8.14892 4.15794 -8.17231 4.10475 
-8.02121 4.40693 -8.01547 4.4154 
-8.24335 3.92197 -8.23661 3.93916 
-8.25658 3.8818 -8.24335 3.92197 
-8.33965 3.59827 -8.32664 3.64418 
-8.33965 3.59827 -8.3564 3.5223 
-8.39362 3.36018 -8.41644 3.23395 
-8.39362 3.36018 -8.38634 3.39505 
-8.36943 3.47058 -8.37682 3.43436 
-8.38634 3.39505 -8.37682 3.43436 
-8.50059 2.59768 -8.50646 2.53522 
-8.46786 2.89372 -8.46768 2.89513 
-8.45824 2.96691 -8.45344 2.99784 
-8.42728 3.1753 -8.41644 3.23395 
-8.50059 2.59768 -8.49496 2.64943 
-8.48992 2.70793 -8.49496 2.64943 
-8.5068 2.53217 -8.50646 2.53522 
-8.46804 2.89253 -8.46786 2.89372 
-8.46849 2.88897 -8.46804 2.89253 
-8.03955 4.37545 -8.02121 4.40693 
-8.07866 4.30599 -8.13642 4.18517 
-8.03955 4.37545 -8.07866 4.30599 
-7.94772 4.52458 -7.92948 4.54984 
-7.8307 4.68221 -7.87301 4.6279 
-7.89634 4.59701 -7.92324 4.55904 
-7.92324 4.55904 -7.92948 4.54984 
-7.71001 4.81886 -7.72368 4.80292 
-7.8072 4.71062 -7.81097 4.70596 
-7.8307 4.68221 -7.81097 4.70596 
-7.68094 4.84716 -7.70193 4.82741 
-7.5421 4.97629 -7.57789 4.9454 
-7.68094 4.84716 -7.61289 4.91382 
-7.61289 4.91382 -7.57789 4.9454 
-7.22852 5.20149 -7.18897 5.226 
-7.31821 5.14215 -7.40904 5.08055 
-7.22852 5.20149 -7.25021 5.18792 
-7.27597 5.17185 -7.25021 5.18792 
-6.87499 5.38907 -7.01807 5.31911 
-6.73404 5.45156 -6.71617 5.45891 
-6.59909 5.50553 -6.54446 5.52713 
-6.51167 5.53986 -6.54446 5.52713 
-6.59909 5.50553 -6.67173 5.47753 
-6.67173 5.47753 -6.71617 5.45891 
-6.87143 5.39089 -6.87081 5.39119 
-6.73404 5.45156 -6.87081 5.39119 
-7.05565 5.29945 -7.03261 5.31186 
-7.05565 5.29945 -7.09722 5.27799 
-7.5421 4.97629 -7.44923 5.05084 
-7.40904 5.08055 -7.44923 5.05084 
-1.26882 8.09959 -1.33821 8.03651 
-1.25366 8.1133 -1.26882 8.09959 
-2.00584 7.45963 -2.03564 7.43615 
-1.87672 7.5658 -1.92595 7.52495 
-1.99787 7.46615 -2.00584 7.45963 
-2.26444 7.26029 -2.26626 7.25896 
-2.66646 6.98464 -2.66067 6.98837 
-2.39546 7.16595 -2.39882 7.16358 
-2.33759 7.20715 -2.37705 7.17901 
-2.39882 7.16358 -2.43669 7.13742 
-2.33759 7.20715 -2.26626 7.25896 
-2.26387 7.26073 -2.26444 7.26029 
-2.26387 7.26073 -2.03564 7.43615 
-1.84873 7.58912 -1.79626 7.63271 
-1.71448 7.70221 -1.71148 7.70477 
-1.71448 7.70221 -1.79626 7.63271 
-1.66369 7.74665 -1.71148 7.70477 
-1.49569 7.89471 -1.56133 7.83657 
-1.66369 7.74665 -1.56133 7.83657 
-1.37659 8.00179 -1.41755 7.96488 
-1.36237 8.01463 -1.33821 8.03651 
-1.37659 8.00179 -1.36237 8.01463 
-2.5194 7.08134 -2.45994 7.12138 
-2.5194 7.08134 -2.60305 7.02584 
-2.68304 6.97452 -2.66646 6.98464 
-2.60305 7.02584 -2.64509 6.99849 
-2.64509 6.99849 -2.66067 6.98837 
-2.73459 6.94305 -2.85079 6.87219 
-2.91896 6.83298 -2.85079 6.87219 
-2.91896 6.83298 -2.96474 6.80682 
-3.64762 6.46979 -3.62503 6.4796 
-3.23812 6.66049 -3.19702 6.68217 
-2.96474 6.80682 -2.98072 6.798 
-3.0837 6.74198 -3.19702 6.68217 
-3.3561 6.60254 -3.41079 6.57643 
-3.51327 6.52879 -3.51663 6.5273 
-3.50708 6.5316 -3.41079 6.57643 
-3.58124 6.49868 -3.51663 6.5273 
-3.75025 6.42657 -3.69004 6.45168 
-3.69004 6.45168 -3.64762 6.46979 
-3.58124 6.49868 -3.62503 6.4796 
-6.31032 5.61036 -6.20238 5.6463 
-6.00713 5.70697 -6.05824 5.6923 
-6.17155 5.65609 -6.18326 5.65247 
-6.00713 5.70697 -5.864 5.75126 
-5.79375 5.77186 -5.8185 5.76495 
-5.31597 5.9083 -5.35699 5.89703 
-5.7092 5.79626 -5.56305 5.83809 
-5.45903 5.86747 -5.35699 5.89703 
-5.45903 5.86747 -5.48146 5.86134 
-5.22117 5.93527 -5.24196 5.92945 
-5.13724 5.95966 -5.15092 5.95577 
-4.69161 6.09186 -4.67513 6.09698 
-5.13724 5.95966 -5.10243 5.96989 
-4.95751 6.01164 -4.88664 6.03299 
-4.4411 6.17216 -4.5458 6.13825 
-4.80675 6.05665 -4.78805 6.0624 
-4.6948 6.09086 -4.77623 6.06608 
-4.6948 6.09086 -4.69161 6.09186 
-4.63088 6.11079 -4.67513 6.09698 
-3.82524 6.39573 -3.84377 6.38837 
-3.82524 6.39573 -3.80372 6.40441 
-3.96879 6.33926 -3.92252 6.35724 
-3.91031 6.36201 -3.84377 6.38837 
-3.91031 6.36201 -3.92252 6.35724 
-3.99068 6.33097 -3.97369 6.33739 
-4.19138 6.25734 -4.11725 6.28389 
-3.96879 6.33926 -3.97369 6.33739 
-4.19138 6.25734 -4.20716 6.25171 
-4.07643 6.29902 -4.00525 6.32554 
-4.07643 6.29902 -4.11725 6.28389 
-4.3789 6.19297 -4.27231 6.22921 
7 6.348 7.00052 6.60128 
7.00133 6.6239 7.00982 6.62287 
7.00052 6.60128 7.00133 6.6239 
7.02142 6.60038 7.01254 6.61774 
7.69253 5.00396 7.70055 4.98659 
7.70055 4.98659 7.71877 4.9465 
7.63686 5.13219 7.63297 5.14091 
7.1752 6.24503 7.21203 6.15682 
7.33046 5.8691 7.34492 5.83459 
7.33046 5.8691 7.31574 5.90415 
7.27536 6.00399 7.26131 6.03796 
7.35294 5.81462 7.35123 5.81881 
7.27928 5.99462 7.31574 5.90415 
7.35123 5.81881 7.34492 5.83459 
7.3624 5.79259 7.40787 5.68135 
7.40787 5.68135 7.45473 5.56607 
7.27704 6 7.27536 6.00399 
7.21556 6.14815 7.26131 6.03796 
7.27928 5.99462 7.27704 6 
7.09611 6.43023 7.07946 6.46864 
7.038 6.56391 7.02886 6.58458 
7.10759 6.40446 7.13707 6.3353 
7.1752 6.24503 7.16552 6.26808 
7.14177 6.32429 7.16552 6.26808 
6.82748 7.00196 6.81324 7.00076 
6.81324 7.00076 6.71776 7 
7.038 6.56391 7.07946 6.46864 
7.02886 6.58458 7.02142 6.60038 
-1.25366 8.1133 -1.07072 8.27914 
-0.916236 8.41727 -1.01533 8.32907 
-0.916236 8.41727 -0.911732 8.42129 
-1.05224 8.29579 -1.01533 8.32907 
-0.703217 8.60213 -0.698943 8.60578 
-0.911732 8.42129 -0.905944 8.42641 
-0.53378 8.74222 -0.655827 8.64201 
-0.53378 8.74222 -0.533235 8.74266 
-0.533235 8.74266 -0.517413 8.7553 
-0.487868 8.77887 -0.464273 8.79748 
-0.487868 8.77887 -0.490289 8.77699 
-0.464273 8.79748 -0.327002 8.90247 
-0.246582 8.96062 -0.19847 8.99527 
-0.301761 8.92137 -0.327002 8.90247 
0.579649 9.44109 0.636872 9.46732 
0.425586 9.36976 0.409578 9.36172 
0.103492 9.19278 0.127347 9.20721 
0.278775 9.2929 0.232973 9.26815 
0.425586 9.36976 0.454001 9.38379 
0.49259 9.40174 0.454001 9.38379 
0.920448 9.57811 0.877989 9.56295 
0.636872 9.46732 0.648416 9.47261 
1.14666 9.65028 1.09481 9.63496 
1.27268 9.68474 1.16842 9.65627 
1.07346 9.62833 1.03638 9.61679 
1.03638 9.61679 1.03283 9.61569 
0.949365 9.58786 0.920448 9.57811 
1.28502 9.68778 1.32482 9.69741 
1.68677 9.77125 1.72791 9.77768 
1.47343 9.73166 1.47386 9.73175 
1.87717 9.7976 1.93173 9.80491 
1.95378 9.80674 1.93173 9.80491 
2.08409 9.81851 2.24355 9.83008 
2.04792 9.8152 2.08409 9.81851 
2.49223 9.8362 2.3385 9.83328 
2.25454 9.83065 2.28562 9.83202 
2.55493 9.83616 2.49223 9.8362 
2.28562 9.83202 2.3385 9.83328 
2.56165 9.83606 2.55493 9.83616 
2.68496 9.83325 2.73541 9.83149 
2.75283 9.83072 2.73541 9.83149 
2.68496 9.83325 2.62087 9.83544 
2.77245 9.82989 2.81224 9.82755 
2.81224 9.82755 2.85501 9.82457 
3.31998 9.77537 3.37713 9.76674 
3.41898 9.75983 3.42409 9.75898 
3.41898 9.75983 3.37713 9.76674 
3.42409 9.75898 3.43045 9.75787 
3.69719 9.70356 3.66906 9.71008 
3.02558 9.81045 2.85501 9.82457 
3.02558 9.81045 3.26382 9.78296 
3.47989 9.74861 3.63203 9.71792 
3.87574 9.65969 3.86326 9.66295 
4.01631 9.61973 4.07331 9.59449 
3.69719 9.70356 3.72238 9.69771 
1.61121 9.75766 1.47386 9.73175 
1.32482 9.69741 1.34509 9.70249 
1.46678 9.73014 1.34509 9.70249 
1.47098 9.73113 1.47343 9.73166 
1.61121 9.75766 1.6697 9.7685 
1.15003 9.65125 1.16842 9.65627 
1.07346 9.62833 1.09481 9.63496 
1.14666 9.65028 1.15003 9.65125 
1.46678 9.73014 1.47098 9.73113 
6.65606 7.35359 6.70638 7.25964 
6.64468 7.37456 6.63622 7.38973 
6.65606 7.35359 6.64468 7.37456 
6.77413 7.12767 6.78856 7.09771 
6.72121 7.23185 6.70638 7.25964 
6.72121 7.23185 6.73881 7.19739 
8.22703 3.9499 8.19904 3.99747 
8.26021 3.89425 8.25564 3.90141 
8.28948 3.84309 8.33356 3.77299 
8.19875 3.99797 8.10458 4.16264 
8.02524 4.31018 8.0573 4.24994 
8.10273 4.16624 8.10458 4.16264 
8.09528 4.18053 8.10273 4.16624 
7.99702 4.36456 7.99984 4.35904 
8.06385 4.2381 8.05839 4.24782 
8.02524 4.31018 8.02068 4.31905 
8.02068 4.31905 8.00177 4.35538 
7.968 4.42139 7.93966 4.47519 
7.84525 4.66879 7.83747 4.68579 
7.77293 4.8268 7.76988 4.8332 
7.87489 4.60954 7.93966 4.47519 
7.87489 4.60954 7.84525 4.66879 
7.77293 4.8268 7.83747 4.68579 
7.968 4.42139 7.98655 4.38478 
8.075 4.21773 8.06385 4.2381 
7.98785 4.3823 7.98655 4.38478 
7.72575 4.93075 7.76462 4.84458 
7.65272 5.09753 7.63686 5.13219 
7.68591 5.02058 7.69253 5.00396 
7.72575 4.93075 7.71877 4.9465 
7.66805 5.06234 7.65272 5.09753 
7.5646 5.30284 7.62366 5.16268 
7.50394 5.4483 7.55999 5.31337 
7.5646 5.30284 7.55999 5.31337 
7.3624 5.79259 7.35294 5.81462 
7.45473 5.56607 7.49849 5.46094 
6.59818 7.4474 6.5819 7.4473 
6.60128 7.44608 6.59818 7.4474 
8.52759 3.48811 8.53571 3.47584 
8.53571 3.47584 8.54476 3.46332 
8.65731 3.30955 8.61262 3.37018 
8.59394 3.39547 8.54476 3.46332 
8.72687 3.21832 8.71881 3.22875 
8.72687 3.21832 8.75489 3.182 
8.59647 3.39194 8.61262 3.37018 
8.66179 3.30399 8.7002 3.25271 
8.76809 3.16568 8.75489 3.182 
8.79995 3.12615 8.76809 3.16568 
8.91547 2.98328 8.91107 2.98873 
8.88258 3.02217 8.91107 2.98873 
8.85739 3.0547 8.82927 3.08938 
9.13086 2.73096 9.11456 2.74871 
8.85739 3.0547 8.88258 3.02217 
9.13086 2.73096 9.17477 2.67948 
8.96571 2.92107 9.0871 2.78039 
9.45948 2.35902 9.53193 2.27634 
9.66053 2.12433 9.73891 2.03444 
9.77076 1.99771 9.78145 1.98418 
9.57227 2.22935 9.66053 2.12433 
9.3197 2.51677 9.33303 2.50162 
9.33303 2.50162 9.40536 2.42042 
9.42617 2.39692 9.4244 2.39894 
9.4244 2.39894 9.40536 2.42042 
9.17477 2.67948 9.24066 2.60417 
9.3197 2.51677 9.24066 2.60417 
9.54387 2.26263 9.53193 2.27634 
9.42883 2.39395 9.45948 2.35902 
9.57227 2.22935 9.54387 2.26263 
9.9263 1.80093 9.85676 1.88913 
10.0862 1.58115 10.0443 1.6433 
10.0151 1.68525 10.0023 1.70216 
9.964 1.75129 10.0023 1.70216 
9.9263 1.80093 9.95722 1.76003 
9.95722 1.76003 9.964 1.75129 
9.85676 1.88913 9.78784 1.97622 
9.75159 2.01924 9.73891 2.03444 
9.77076 1.99771 9.75159 2.01924 
10.1947 1.42151 10.1916 1.4266 
10.1623 1.47195 10.1696 1.46079 
10.1696 1.46079 10.1841 1.43843 
10.1916 1.4266 10.189 1.43066 
10.1623 1.47195 10.1004 1.56102 
10.189 1.43066 10.1841 1.43843 
10.2722 1.29182 10.2425 1.34268 
10.318 1.20804 10.2865 1.26599 
10.1947 1.42151 10.2425 1.34268 
10.2722 1.29182 10.2865 1.26599 
10.318 1.20804 10.342 1.16252 
10.6055 0.410933 10.6094 0.386247 
10.6041 0.418494 10.6055 0.410933 
10.6041 0.418494 10.5981 0.444359 
10.6322 0.215087 10.6239 0.29095 
10.6225 0.303187 10.6239 0.29095 
10.5072 0.766491 10.4288 0.982699 
10.5515 0.642045 10.5662 0.58002 
10.5072 0.766491 10.5471 0.654303 
10.3746 1.09669 10.342 1.16252 
8.83035 -1.13383 8.74249 -1.0779 
9.6551 -1.06033 9.62455 -1.0876 
9.62455 -1.0876 9.40475 -1.01388 
9.88171 -1.1955 9.89578 -1.24883 
9.99801 -1.08898 9.88171 -1.1955 
9.99801 -1.08898 9.88727 -1.06739 
10.3803 -1.08775 10.3635 -1.11999 
10.24 -1.34604 10.2685 -1.29788 
10.3635 -1.11999 10.3395 -1.16633 
10.2797 -1.27812 10.3395 -1.16633 
10.2797 -1.27812 10.2685 -1.29788 
10.24 -1.34604 10.2275 -1.36616 
9.96017 -1.59366 9.97159 -1.48377 
9.95831 -1.46808 9.97159 -1.48377 
10.1735 -1.45505 10.1748 -1.45305 
10.1732 -1.45555 10.0871 -1.58389 
9.93968 -1.69768 10.0521 -1.63273 
10.0805 -1.59358 10.0871 -1.58389 
9.93968 -1.69768 9.96017 -1.59366 
10.0805 -1.59358 10.0521 -1.63273 
10.4479 -0.938104 10.4292 -0.981226 
10.3897 -1.06818 10.4151 -1.0125 
10.4292 -0.981226 10.4151 -1.0125 
10.543 -0.666424 10.4563 -0.917273 
10.4479 -0.938104 10.4563 -0.917273 
10.543 -0.666424 10.5508 -0.64188 
10.5754 -0.552625 10.5668 -0.585369 
10.6091 -0.390684 10.5993 -0.442361 
10.5829 -0.519664 10.5993 -0.442361 
10.5508 -0.64188 10.5668 -0.585369 
10.6285 -0.248747 10.633 -0.199513 
10.6115 -0.376877 10.614 -0.359813 
10.6115 -0.376877 10.6091 -0.390684 
10.6416 -0.0601824 10.6418 -0.0462811 
10.6407 0.082874 10.6372 0.151246 
10.6425 0.0174454 10.6418 -0.0462811 
10.6407 0.082874 10.6425 0.0174454 
10.6322 0.215087 10.6372 0.151246 
9.82004 -1.05429 9.88727 -1.06739 
9.6551 -1.06033 9.82004 -1.05429 
8.98008 -1.06708 8.97769 -1.04334 
8.83035 -1.13383 8.94309 -1.10701 
8.73772 -1.00877 8.62446 -1.00914 
8.73772 -1.00877 8.74249 -1.0779 
8.4123 -1.00219 8.42594 -1.06574 
8.3647 -1.01911 8.4123 -1.00219 
8.2467 -1.00054 8.3647 -1.01911 
6.23413 -1.04732 6.12677 -1.06449 
6.23413 -1.04732 6.37364 -1.03224 
6.59546 -1.01844 6.58764 -1.05051 
7.14387 -1.00156 6.98022 -1.00991 
7.32135 -1.0584 7.27434 -1.06802 
7.39766 -1.07044 7.32135 -1.0584 
7.92408 -1.06702 7.94931 -1.01518 
7.94931 -1.01518 8.03441 -1.07266 
8.12738 -1.00427 8.03441 -1.07266 
7.92408 -1.06702 7.73596 -1.14418 
7.52402 -1.02645 7.73596 -1.14418 
7.44986 -1.07874 7.52402 -1.02645 
7.14387 -1.00156 7.27434 -1.06802 
6.02701 -1.07489 6.12677 -1.06449 
6.84138 -1.12488 6.98022 -1.00991 
6.84138 -1.12488 6.69393 -1.1477 
6.00763 -1.06705 6.02701 -1.07489 
5.77684 -1.09207 5.7909 -1.11776 
5.14533 -1.03417 5.18542 -1.09533 
5.41686 -1.18219 5.54004 -1.01052 
5.03581 -1.29998 5.05181 -1.24683 
5.14939 -1.07747 5.14533 -1.03417 
5.07984 -1.38051 5.03581 -1.29998 
5.041 -1.65696 5.07021 -1.48527 
5.07021 -1.48527 5.07984 -1.38051 
5.11727 -1.70768 5.041 -1.65696 
5.0814 -2.03008 5.03945 -1.90651 
5.0814 -2.03008 5.13068 -2.22479 
5.10334 -1.87267 5.03945 -1.90651 
5.10334 -1.87267 5.11727 -1.70768 
5.63536 -1.03745 5.54004 -1.01052 
5.06474 -4.30083 5.09529 -4.37948 
5.06474 -4.30083 5.01529 -4.13257 
5.01425 -3.91905 5.01179 -3.86265 
5.01529 -4.13257 5.01425 -3.91905 
5.04989 -3.82152 5.04836 -3.62695 
5.08034 -3.43476 5.09791 -3.5594 
5.19325 -2.32343 5.14371 -2.47951 
5.19325 -2.32343 5.15754 -2.26167 
5.06768 -2.76429 5.16575 -2.66536 
5.32845 -3.30675 5.10416 -3.02081 
5.03473 -2.94899 5.06768 -2.76429 
5.01547 -2.97962 5.10416 -3.02081 
-1.1405 -8.21601 -1.21741 -8.14615 
-0.893563 -8.43779 -0.910877 -8.42246 
-1.05849 -8.29011 -1.08775 -8.26364 
-1.03674 -8.30967 -0.944834 -8.39223 
-1.05849 -8.29011 -1.03931 -8.30736 
-0.944834 -8.39223 -0.910877 -8.42246 
-1.03674 -8.30967 -1.03931 -8.30736 
0.720357 -9.50214 0.852628 -9.55321 
0.890159 -9.56727 0.852628 -9.55321 
1.01939 -9.6109 0.890159 -9.56727 
1.01939 -9.6109 1.06198 -9.62486 
0.658384 -9.47588 0.587966 -9.44619 
0.46885 -9.39 0.525953 -9.41686 
0.658384 -9.47588 0.720357 -9.50214 
0.587966 -9.44619 0.525953 -9.41686 
0.436622 -9.37522 0.46885 -9.39 
0.0642781 -9.1689 0.0649252 -9.16929 
0.216749 -9.25895 0.34012 -9.32561 
0.187513 -9.24241 0.17014 -9.23218 
0.0612733 -9.16713 0.0642781 -9.1689 
0.41586 -9.36496 0.436622 -9.37522 
0.41586 -9.36496 0.34012 -9.32561 
0.216749 -9.25895 0.187513 -9.24241 
0.17014 -9.23218 0.0649252 -9.16929 
-0.00876244 -9.1232 -0.0388617 -9.10339 
-0.206509 -8.98989 -0.191972 -9.00019 
0.0566438 -9.16423 0.0612733 -9.16713 
0.0566438 -9.16423 -0.00876244 -9.1232 
-0.433691 -8.82144 -0.489993 -8.77717 
-0.101289 -9.0625 -0.176584 -9.01069 
-0.275113 -8.94061 -0.433691 -8.82144 
-0.206509 -8.98989 -0.265526 -8.94775 
-0.275113 -8.94061 -0.265526 -8.94775 
-0.495526 -8.77282 -0.493972 -8.77408 
-0.491271 -8.77618 -0.489993 -8.77717 
-0.761485 -8.55261 -0.779414 -8.53699 
-0.508653 -8.76206 -0.495526 -8.77282 
-0.493972 -8.77408 -0.491271 -8.77618 
-0.739566 -8.57127 -0.692235 -8.6114 
-0.739566 -8.57127 -0.761485 -8.55261 
-0.893563 -8.43779 -0.779414 -8.53699 
2.61777 -9.83567 2.52173 -9.8365 
2.52173 -9.8365 2.46957 -9.83607 
2.33212 -9.83377 2.32394 -9.83342 
2.46957 -9.83607 2.45229 -9.8358 
1.45897 -9.72858 1.46376 -9.72962 
1.06198 -9.62486 1.06484 -9.62574 
1.2371 -9.67529 1.20894 -9.66719 
1.2486 -9.67834 1.2397 -9.67609 
1.2397 -9.67609 1.2371 -9.67529 
1.46861 -9.73065 1.47107 -9.73113 
1.46861 -9.73065 1.46376 -9.72962 
1.47107 -9.73113 1.47495 -9.73186 
1.6098 -9.7578 1.47495 -9.73186 
1.77122 -9.78435 1.81216 -9.79002 
1.41493 -9.71895 1.40599 -9.71688 
1.45897 -9.72858 1.41493 -9.71895 
2.00909 -9.81295 2.01869 -9.81381 
1.77122 -9.78435 1.72422 -9.77668 
1.87184 -9.79777 1.9193 -9.80336 
2.00909 -9.81295 1.9193 -9.80336 
2.32394 -9.83342 2.30001 -9.83221 
2.33212 -9.83377 2.38712 -9.83517 
2.89366 -9.8232 2.89341 -9.82322 
3.10578 -9.80394 3.10864 -9.80362 
4.13552 -9.58206 4.14493 -9.57913 
4.13552 -9.58206 3.93283 -9.64383 
3.67292 -9.70928 3.56099 -9.73303 
3.67292 -9.70928 3.70815 -9.7017 
3.44143 -9.75549 3.54437 -9.73649 
3.85509 -9.66496 3.86739 -9.66182 
4.36803 -9.49847 4.26852 -9.53576 
4.14493 -9.57913 4.14785 -9.57815 
4.14785 -9.57815 4.16149 -9.57354 
4.36803 -9.49847 4.37393 -9.49617 
4.22895 -9.5502 4.26852 -9.53576 
4.37393 -9.49617 4.37542 -9.49559 
4.43536 -9.47072 4.37542 -9.49559 
3.71261 -9.70067 3.71578 -9.69992 
3.44143 -9.75549 3.39854 -9.76269 
3.39854 -9.76269 3.30367 -9.77667 
2.8396 -9.82669 2.79376 -9.82895 
3.00896 -9.81275 3.10578 -9.80394 
2.71803 -9.83248 2.79376 -9.82895 
2.67002 -9.8344 2.63118 -9.83545 
2.62936 -9.83549 2.63118 -9.83545 
4.61758 -9.39116 4.70451 -9.34944 
4.59307 -9.40273 4.5837 -9.40698 
4.71968 -9.34178 4.75554 -9.32315 
4.94691 -9.21957 4.98658 -9.19621 
5.11723 -9.11424 5.1442 -9.09713 
6.55951 -7.52698 6.60024 -7.45601 
6.38126 -7.81857 6.38495 -7.81292 
6.31827 -7.91323 6.32149 -7.90848 
6.37344 -7.83045 6.38126 -7.81857 
6.46479 -7.68575 6.46051 -7.69293 
6.41188 -7.77099 6.40225 -7.78605 
6.37344 -7.83045 6.34408 -7.8747 
6.38495 -7.81292 6.40225 -7.78605 
6.00621 -8.32514 6.05148 -8.27041 
6.21994 -8.05096 6.24298 -8.01917 
6.09252 -8.21978 6.08011 -8.23547 
5.89269 -8.45472 5.89219 -8.45526 
5.89365 -8.45364 5.89282 -8.45458 
5.99741 -8.33537 5.94647 -8.39447 
5.99741 -8.33537 6.00621 -8.32514 
6.08011 -8.23547 6.05148 -8.27041 
6.13883 -8.16018 6.1206 -8.18375 
6.15362 -8.14075 6.21994 -8.05096 
5.89365 -8.45364 5.92778 -8.41541 
5.92778 -8.41541 5.94647 -8.39447 
5.87232 -8.47662 5.89219 -8.45526 
5.57209 -8.76777 5.62885 -8.71852 
5.62885 -8.71852 5.63539 -8.71259 
5.70228 -8.64931 5.79713 -8.55457 
5.70228 -8.64931 5.66182 -8.68804 
5.63539 -8.71259 5.64798 -8.70107 
5.64798 -8.70107 5.66182 -8.68804 
5.30336 -8.98375 5.35404 -8.94666 
4.92917 -9.22977 4.90191 -9.24519 
4.61758 -9.39116 4.59307 -9.40273 
5.16921 -4.97642 5.15651 -4.92906 
5.04301 -4.49776 5.03341 -4.75474 
5.15651 -4.92906 5.04185 -4.84143 
5.27468 -4.9483 5.23504 -4.95484 
5.16921 -4.97642 5.23504 -4.95484 
5.74848 -4.75591 5.60356 -4.70203 
5.35651 -4.833 5.27468 -4.9483 
5.60356 -4.70203 5.43087 -4.84585 
6.16633 -4.87542 5.94432 -4.859 
5.77803 -4.97961 5.94432 -4.859 
6.27548 -4.89879 6.23375 -4.88482 
6.37902 -4.95892 6.34148 -4.9002 
6.65013 -4.96909 6.46144 -4.90541 
6.46144 -4.90541 6.37902 -4.95892 
6.34148 -4.9002 6.27548 -4.89879 
6.92521 -4.89078 6.82741 -4.86605 
6.82741 -4.86605 6.65013 -4.96909 
6.99115 -4.97766 6.92521 -4.89078 
7.22207 -4.98541 7.07372 -4.92385 
7.42966 -4.95229 7.22207 -4.98541 
7.6281 -4.78288 7.69138 -5.00842 
7.6281 -4.78288 7.58943 -4.80777 
7.4967 -4.93356 7.42966 -4.95229 
7.58943 -4.80777 7.4967 -4.93356 
7.68073 -5.03225 7.69138 -5.00842 
7.53652 -5.36147 7.52863 -5.37931 
7.5634 -5.30022 7.59964 -5.21955 
7.51379 -5.41363 7.52863 -5.37931 
7.68073 -5.03225 7.62406 -5.16341 
7.6174 -5.17867 7.59964 -5.21955 
7.6174 -5.17867 7.62406 -5.16341 
7.30914 -5.92174 7.30516 -5.93174 
7.40635 -5.68394 7.34508 -5.83348 
7.43965 -5.60399 7.4173 -5.65847 
7.31471 -5.90826 7.30914 -5.92174 
7.31471 -5.90826 7.33681 -5.85358 
7.40635 -5.68394 7.41209 -5.67053 
7.09281 -6.43808 7.11198 -6.39377 
7.06577 -6.50035 7.0567 -6.52147 
7.13443 -6.34146 7.149 -6.30713 
7.33681 -5.85358 7.34508 -5.83348 
7.18799 -6.21426 7.20287 -6.17894 
7.18513 -6.22116 7.18799 -6.21426 
7.24923 -6.06689 7.21892 -6.14057 
7.11198 -6.39377 7.13443 -6.34146 
7.00456 -6.6386 7.00172 -6.64526 
7.09281 -6.43808 7.06577 -6.50035 
6.9889 -6.67463 6.98143 -6.69169 
6.9889 -6.67463 7.00172 -6.64526 
6.98143 -6.69169 6.95835 -6.74258 
6.88442 -6.90207 6.88782 -6.89503 
6.74414 -7.18674 6.7719 -7.13211 
6.60272 -7.45154 6.63159 -7.39942 
6.88442 -6.90207 6.85073 -6.97134 
6.80253 -7.07044 6.7719 -7.13211 
6.90723 -6.85326 6.88782 -6.89503 
6.60028 -7.45593 6.60024 -7.45601 
6.55951 -7.52698 6.54459 -7.5525 
6.60272 -7.45154 6.60028 -7.45593 
6.69799 -7.2754 6.64396 -7.37665 
6.63713 -7.38939 6.64396 -7.37665 
6.73572 -7.20318 6.70948 -7.25398 
6.63159 -7.39942 6.63713 -7.38939 
19 0 19.5943 1.5421 
19.5943 1.5421 19.7323 3.12529 
19.7323 3.12529 19.3398 4.64308 
19.3398 4.64308 18.404 5.97983 
18.404 5.97983 16.9795 7.03314 
16.9795 7.03314 15.1827 7.73598 
15.1827 7.73598 13.1746 8.0734 
13.1746 8.0734 11.1353 8.09024 
11.1353 8.09024 9.23486 7.88731 
9.23486 7.88731 7.6066 7.6066 
7.6066 7.6066 6.32672 7.40763 
6.32672 7.40763 5.40514 7.43954 
5.40514 7.43954 4.78848 7.81408 
4.78848 7.81408 4.37421 8.58488 
4.37421 8.58488 4.03314 9.73687 
4.03314 9.73687 3.63525 11.1882 
3.63525 11.1882 3.07391 12.8038 
3.07391 12.8038 2.28367 14.4185 
2.28367 14.4185 1.2486 15.8649 
1.2486 15.8649 0 17 
0 17 -1.39512 17.7267 
-1.39512 17.7267 -2.85183 18.0057 
-2.85183 18.0057 -4.28679 17.8558 
-4.28679 17.8558 -5.63525 17.3435 
-5.63525 17.3435 -6.86157 16.5653 
-6.86157 16.5653 -7.96142 15.6252 
-7.96142 15.6252 -8.95558 14.6142 
-8.95558 14.6142 -9.87728 13.5949 
-9.87728 13.5949 -10.7567 12.5945 
-10.7567 12.5945 -11.6066 11.6066 
-11.6066 11.6066 -12.4133 10.602 
-12.4133 10.602 -13.1353 9.54332 
-13.1353 9.54332 -13.7098 8.40136 
-13.7098 8.40136 -14.0676 7.16782 
-14.0676 7.16782 -14.1511 5.86157 
-14.1511 5.86157 -13.9319 4.52675 
-13.9319 4.52675 -13.4247 3.22298 
-13.4247 3.22298 -12.692 2.01021 
-12.692 2.01021 -11.8393 0.931771 
-11.8393 0.931771 -11 0 
-11 0 -10.3133 -0.811671 
-10.3133 -0.811671 -9.89838 -1.56775 
-9.89838 -1.56775 -9.83126 -2.36028 
-9.83126 -2.36028 -10.1277 -3.29068 
-10.1277 -3.29068 -10.7369 -4.44736 
-10.7369 -4.44736 -11.5475 -5.88374 
-11.5475 -5.88374 -12.4046 -7.60155 
-12.4046 -7.60155 -13.1353 -9.54332 
-13.1353 -9.54332 -13.5773 -11.5961 
-13.5773 -11.5961 -13.6066 -13.6066 
-13.6066 -13.6066 -13.1567 -15.4045 
-13.1567 -15.4045 -12.2284 -16.831 
-12.2284 -16.831 -10.8865 -17.7651 
-10.8865 -17.7651 -9.2455 -18.1453 
-9.2455 -18.1453 -7.44736 -17.9795 
-7.44736 -17.9795 -5.63525 -17.3435 
-5.63525 -17.3435 -3.92945 -16.3673 
-3.92945 -16.3673 -2.40936 -15.2121 
-2.40936 -15.2121 -1.10518 -14.0426 
-1.10518 -14.0426 -0 -13 
-0 -13 0.958649 -12.1808 
0.958649 -12.1808 1.84121 -11.6249 
1.84121 -11.6249 2.71657 -11.3153 
2.71657 -11.3153 3.63525 -11.1882 
3.63525 -11.1882 4.61893 -11.1511 
4.61893 -11.1511 5.65829 -11.105 
5.65829 -11.105 6.71938 -10.965 
6.71938 -10.965 7.75628 -10.6756 
7.75628 -10.6756 8.72676 -10.2177 
8.72676 -10.2177 9.6066 -9.6066 
9.6066 -9.6066 10.3988 -8.88144 
10.3988 -8.88144 11.1353 -8.09024 
11.1353 -8.09024 11.8694 -7.2736 
11.8694 -7.2736 12.6626 -6.4519 
12.6626 -6.4519 13.5653 -5.61893 
13.5653 -5.61893 14.5998 -4.74376 
14.5998 -4.74376 15.7464 -3.78038 
15.7464 -3.78038 16.9387 -2.68282 
16.9387 -2.68282 18.0682 -1.422 
18.0682 -1.422 19 0 
3 3 7 3 
7 3 7 7 
7 7 3 7 
3 7 3 3 
-7 -7 -3 -7 
-3 -7 -3 -3 
-3 -3 -7 -3 
-7 -3 -7 -7 
