19 0
19.5943 1.5421
19.7323 3.12529
19.3398 4.64308
18.404 5.97983
16.9795 7.03314
15.1827 7.73598
13.1746 8.0734
11.1353 8.09024
9.23486 7.88731
7.6066 7.6066
6.32672 7.40763
5.40514 7.43954
4.78848 7.81408
4.37421 8.58488
4.03314 9.73687
3.63525 11.1882
3.07391 12.8038
2.28367 14.4185
1.2486 15.8649
0 17
-1.39512 17.7267
-2.85183 18.0057
-4.28679 17.8558
-5.63525 17.3435
-6.86157 16.5653
-7.96142 15.6252
-8.95558 14.6142
-9.87728 13.5949
-10.7567 12.5945
-11.6066 11.6066
-12.4133 10.602
-13.1353 9.54332
-13.7098 8.40136
-14.0676 7.16782
-14.1511 5.86157
-13.9319 4.52675
-13.4247 3.22298
-12.692 2.01021
-11.8393 0.931771
-11 0
-10.3133 -0.811671
-9.89838 -1.56775
-9.83126 -2.36028
-10.1277 -3.29068
-10.7369 -4.44736
-11.5475 -5.88374
-12.4046 -7.60155
-13.1353 -9.54332
-13.5773 -11.5961
-13.6066 -13.6066
-13.1567 -15.4045
-12.2284 -16.831
-10.8865 -17.7651
-9.2455 -18.1453
-7.44736 -17.9795
-5.63525 -17.3435
-3.92945 -16.3673
-2.40936 -15.2121
-1.10518 -14.0426
-0 -13
0.958649 -12.1808
1.84121 -11.6249
2.71657 -11.3153
3.63525 -11.1882
4.61893 -11.1511
5.65829 -11.105
6.71938 -10.965
7.75628 -10.6756
8.72676 -10.2177
9.6066 -9.6066
10.3988 -8.88144
11.1353 -8.09024
11.8694 -7.2736
12.6626 -6.4519
13.5653 -5.61893
14.5998 -4.74376
15.7464 -3.78038
16.9387 -2.68282
18.0682 -1.422
19 0

3 7
7 7
7 3
3 3
3 7

-7 -3
-3 -3
-3 -7
-7 -7
-7 -3

