-1.00169 10.4435
-1.09188 10.3962
-1.16667 10.3557
-1.20683 10.3312
-1.29465 10.2794
-1.29602 10.2786
-1.30439 10.2735
-1.33972 10.2518
-1.34862 10.2461
-1.48897 10.1551
-1.50731 10.143
-1.57527 10.0958
-1.58231 10.0909
-1.5832 10.0903
-1.64698 10.0449
-1.67128 10.0268
-1.7215 9.98976
-1.75836 9.96168
-1.77394 9.94961
-1.84755 9.89361
-1.88646 9.86187
-2.02798 9.74594
-2.03336 9.74134
-2.04756 9.72934
-2.08223 9.7003
-2.09668 9.68806
-2.17381 9.62157
-2.22343 9.57896
-2.24404 9.56106
-2.28779 9.52339
-2.3575 9.46288
-2.39306 9.43092
-2.51472 9.32249
-2.53238 9.30686
-2.56084 9.28195
-2.58405 9.26146
-2.5907 9.25558
-2.62914 9.2226
-2.64492 9.2089
-2.67411 9.18311
-2.71854 9.14447
-2.84975 9.03172
-2.95321 8.94507
-2.99127 8.91382
-3.02368 8.88671
-3.05789 8.85866
-3.0776 8.84288
-3.09608 8.82848
-3.1225 8.80801
-3.17477 8.76714
-3.25568 8.70534
-3.29313 8.67683
-3.29936 8.67221
-3.30805 8.66596
-3.34518 8.63934
-3.40642 8.59557
-3.41507 8.5895
-3.47297 8.54907
-3.50948 8.52397
-3.543 8.50163
-3.6287 8.44621
-3.65368 8.43075
-3.78096 8.353
-3.79656 8.34351
-3.81585 8.33209
-3.89353 8.28722
-3.90588 8.28022
-3.92341 8.27061
-3.94767 8.25742
-4.03931 8.21008
-4.12393 8.1665
-4.12678 8.16508
-4.17028 8.14417
-4.21831 8.12127
-4.24546 8.10929
-4.43603 8.027
-4.47833 8.00941
-4.48958 8.00483
-4.49056 8.00444
-4.53172 7.98843
-4.54303 7.98417
-4.57938 7.97065
-4.59412 7.96525
-4.69117 7.93139
-4.74528 7.91359
-4.91257 7.85867
-4.92243 7.85573
-4.93246 7.85289
-5.05882 7.8177
-5.22713 7.77508
-5.29247 7.75857
-5.30466 7.75583
-5.31551 7.75348
-5.38261 7.73968
-5.47232 7.7211
-5.53525 7.70845
-5.60819 7.69425
-5.62889 7.69024
-5.70419 7.67696
-5.72264 7.67385
-5.73109 7.67249
-5.7521 7.6691
-5.79871 7.66158
-5.84251 7.65482
-5.87113 7.65046
-5.96387 7.63707
-6.02764 7.62796
-6.07661 7.62133
-6.08411 7.62032
-6.0888 7.61972
-6.15596 7.61158
-6.34756 7.58969
-6.46653 7.57611
-6.47606 7.575
-6.51068 7.57138
-6.5629 7.56606
-6.5931 7.5631
-6.61119 7.56133
-6.64469 7.558
-6.73902 7.54866
-6.82693 7.54003
-6.83921 7.53886
-6.89508 7.53345
-6.91172 7.53183
-6.91837 7.53115
-7.01799 7.52133
-7.15957 7.50695
-7.1687 7.50603
-7.23647 7.4988
-7.24316 7.49809
-7.2839 7.49361
-7.32856 7.48857
-7.35954 7.48486
-7.4303 7.47649
-7.4465 7.47437
-7.52951 7.46376
-7.55034 7.46111
-7.5686 7.45864
-7.59056 7.45553
-7.67373 7.44382
-7.69055 7.44132
-7.6995 7.4399
-7.72849 7.43499
-7.82486 7.41925
-7.87596 7.41065
-7.90274 7.40608
-7.92216 7.40267
-7.94636 7.39809
-7.97953 7.39141
-8.09118 7.36698
-8.24119 7.33291
-8.25925 7.32869
-8.27015 7.32588
-8.30784 7.31583
-8.3721 7.29807
-8.40144 7.28889
-8.51436 7.25071
-8.60378 7.22156
-8.70427 7.18468
-8.73433 7.17291
-8.77864 7.15321
-8.84177 7.1254
-8.86699 7.11379
-8.89331 7.10107
-8.97458 7.05812
-9.03801 7.02467
-9.05987 7.0122
-9.10263 6.98616
-9.14606 6.9602
-9.25226 6.88652
-9.29409 6.85604
-9.30332 6.8486
-9.41082 6.76121
-9.42406 6.74955
-9.45902 6.71744
-9.49674 6.68029
-9.56969 6.60309
-9.66013 6.49698
-9.68114 6.46985
-9.70376 6.43842
-9.74198 6.38535
-9.77844 6.32867
-9.80581 6.2838
-9.85777 6.18773
-9.87628 6.15393
-9.88508 6.13692
-9.89464 6.1165
-9.92372 6.05124
-9.95752 5.96843
-9.96149 5.95873
-9.96965 5.93695
-9.96966 5.93693
-9.96966 5.93691
-9.96975 5.93667
-10.0002 5.84639
-10.0098 5.81191
-10.0318 5.73538
-10.0388 5.70701
-10.0546 5.64437
-10.073 5.55701
-10.0806 5.51827
-10.0841 5.49702
-10.0864 5.48385
-10.0905 5.4536
-10.0931 5.42731
-10.0973 5.39515
-10.102 5.367
-10.1094 5.30688
-10.1236 5.1386
-10.1257 5.10859
-10.127 5.07714
-10.1305 4.97344
-10.1312 4.94844
-10.1306 4.78014
-10.1306 4.78011
-10.1306 4.77887
-10.129 4.71987
-10.1289 4.71739
-10.1282 4.70008
-10.1264 4.65407
-10.1257 4.63993
-10.1254 4.62724
-10.1075 4.36177
-10.1072 4.35653
-10.1068 4.35077
-10.0977 4.25149
-10.0972 4.24646
-10.0846 4.13069
-10.0816 4.09538
-10.0787 4.06903
-10.0766 4.0503
-10.0758 4.04305
-10.0755 4.04013
-10.0706 3.99845
-10.0566 3.89294
-10.0425 3.77192
-10.0421 3.76841
-10.042 3.7677
-10.0392 3.74666
-10.0342 3.70839
-10.032 3.69198
-10.0306 3.68076
-10.016 3.57564
-10.0121 3.54577
-10.0081 3.51517
-10.0006 3.46313
-9.99412 3.4135
-9.98773 3.37017
-9.98255 3.33283
-9.97593 3.2863
-9.97268 3.26193
-9.9692 3.23395
-9.96517 3.20476
-9.94735 3.08719
-9.93356 2.98
-9.93287 2.97557
-9.93103 2.96271
-9.91973 2.88216
-9.91203 2.82295
-9.91136 2.81847
-9.8876 2.63838
-9.88178 2.59333
-9.88059 2.58332
-9.87748 2.55913
-9.87456 2.53615
-9.87401 2.53195
-9.87359 2.5288
-9.8728 2.52236
-9.85249 2.35776
-9.83989 2.247
-9.83532 2.20721
-9.83078 2.17138
-9.81775 2.04993
-9.81455 2.02249
-9.79118 1.78918
-9.79037 1.78108
-9.7903 1.78023
-9.78387 1.71383
-9.78183 1.69082
-9.77118 1.56427
-9.76687 1.50467
-9.76078 1.4321
-9.75265 1.31365
-9.74999 1.27863
-9.74563 1.22594
-9.74063 1.14861
-9.73927 1.1261
-9.73806 1.10568
-9.73436 1.04024
-9.73287 1.01357
-9.73105 0.981632
-9.73022 0.966217
-9.7295 0.951548
-9.72582 0.878505
-9.72289 0.811306
-9.72261 0.804221
-9.7215 0.773694
-9.71743 0.675257
-9.7157 0.616501
-9.71491 0.589445
-9.71151 0.482764
-9.70927 0.403404
-9.70882 0.382997
-9.70852 0.365115
-9.7077 0.321764
-9.70741 0.305603
-9.70719 0.29161
-9.7069 0.272689
-9.70678 0.264107
-9.70544 0.155602
-9.70541 0.152704
-9.70541 0.152493
-9.7054 0.150432
-9.70497 0.0755286
-9.70488 0.0429101
-9.70488 0.0348614
-9.70489 0.0243169
-9.705 -0.0579763
-9.70543 -0.12379
-9.70645 -0.24159
-9.70661 -0.252522
-9.70711 -0.279846
-9.70928 -0.403454
-9.70955 -0.416479
-9.70988 -0.427779
-9.71248 -0.504345
-9.7202 -0.736031
-9.72094 -0.761921
-9.72311 -0.819539
-9.72805 -0.92143
-9.732 -0.993747
-9.73277 -1.0095
-9.73612 -1.06904
-9.737 -1.08657
-9.74157 -1.15771
-9.74553 -1.22515
-9.75048 -1.29699
-9.75095 -1.30398
-9.7565 -1.37973
-9.76005 -1.42811
-9.76341 -1.46954
-9.77596 -1.62218
-9.77626 -1.62561
-9.77691 -1.63283
-9.77901 -1.65548
-9.7804 -1.67212
-9.78282 -1.70139
-9.79311 -1.80832
-9.79929 -1.87462
-9.82339 -2.10039
-9.82988 -2.16152
-9.83085 -2.1715
-9.83097 -2.17278
-9.83155 -2.1783
-9.83554 -2.2125
-9.84036 -2.25283
-9.83126 -2.36028
-9.87255 -2.48989
-9.87147 -2.48871
-9.87071 -2.49975
-9.88279 -2.5992
-9.8889 -2.64907
-9.90283 -2.75347
-9.90292 -2.7543
-9.90535 -2.77287
-9.90999 -2.80778
-9.91773 -2.86367
-9.92528 -2.92216
-9.92902 -2.95626
-9.95149 -3.12079
-9.96301 -3.19876
-9.96922 -3.23839
-9.97267 -3.26081
-9.97579 -3.28563
-10.0004 -3.45995
-10.001 -3.46427
-10.0147 -3.56334
-10.0206 -3.60633
-10.0224 -3.62017
-10.0237 -3.63034
-10.026 -3.64767
-10.0341 -3.70644
-10.041 -3.75955
-10.0456 -3.79546
-10.0584 -3.8982
-10.0611 -3.91917
-10.0616 -3.92316
-10.0726 -4.02182
-10.0889 -4.16257
-10.0916 -4.18981
-10.0946 -4.22456
-10.1077 -4.36245
-10.1111 -4.41009
-10.1177 -4.51087
-10.1229 -4.58545
-10.124 -4.60081
-10.1243 -4.60571
-10.1252 -4.62728
-10.1252 -4.63048
-10.1257 -4.68258
-10.1287 -4.81727
-10.1313 -4.89014
-10.1315 -4.90649
-10.1302 -4.95126
-10.1287 -5.03496
-10.1249 -5.10382
-10.1137 -5.25526
-10.1121 -5.28996
-10.1097 -5.31471
-10.1044 -5.35683
-10.1022 -5.37622
-10.099 -5.39631
-10.0829 -5.50422
-10.0686 -5.58119
-10.0629 -5.60808
-10.0416 -5.7012
-10.0292 -5.74513
-9.99509 -5.86317
-9.99484 -5.86395
-9.99388 -5.8667
-9.98397 -5.89495
-9.95787 -5.96799
-9.94267 -6.00691
-9.93799 -6.01852
-9.88499 -6.13619
-9.87589 -6.15567
-9.8556 -6.19235
-9.79636 -6.29933
-9.78387 -6.31958
-9.76779 -6.34572
-9.72831 -6.40498
-9.70985 -6.43182
-9.70087 -6.44434
-9.68851 -6.46034
-9.64001 -6.52301
-9.62207 -6.54511
-9.61717 -6.55083
-9.57854 -6.59461
-9.5212 -6.65626
-9.51515 -6.6626
-9.44739 -6.72523
-9.38837 -6.78009
-9.37437 -6.79241
-9.35215 -6.81073
-9.31005 -6.84424
-9.2926 -6.85806
-9.28508 -6.86376
-9.23482 -6.90022
-9.21469 -6.91439
-9.20199 -6.92298
-9.14669 -6.95766
-9.04709 -7.01983
-8.95664 -7.0684
-8.94724 -7.07326
-8.89282 -7.09998
-8.74991 -7.16634
-8.74832 -7.16704
-8.74504 -7.16834
-8.74068 -7.17002
-8.61948 -7.21697
-8.5835 -7.23032
-8.55297 -7.24074
-8.47694 -7.26634
-8.43904 -7.27796
-8.36926 -7.29898
-8.32844 -7.3104
-8.3055 -7.31666
-8.27838 -7.32339
-8.11824 -7.36208
-8.10148 -7.36588
-8.01949 -7.38263
-7.96898 -7.39318
-7.94364 -7.3985
-7.91973 -7.40305
-7.87124 -7.41152
-7.802 -7.42369
-7.79295 -7.42518
-7.79125 -7.42545
-7.72558 -7.43576
-7.68351 -7.44191
-7.66532 -7.44446
-7.60669 -7.45317
-7.55682 -7.46022
-7.4867 -7.46929
-7.4533 -7.47363
-7.37246 -7.48349
-7.36801 -7.48402
-7.3204 -7.48951
-7.31773 -7.4898
-7.31476 -7.49013
-7.29176 -7.49262
-7.18292 -7.50445
-7.16035 -7.50692
-7.09656 -7.51329
-6.96131 -7.52696
-6.95787 -7.52731
-6.95124 -7.52796
-6.87514 -7.53537
-6.86146 -7.53669
-6.80299 -7.54261
-6.68584 -7.55428
-6.56881 -7.5668
-6.4965 -7.57406
-6.4189 -7.5819
-6.34136 -7.58964
-6.32257 -7.59175
-6.28841 -7.5955
-6.26798 -7.59779
-6.26492 -7.59815
-6.25931 -7.59881
-6.2274 -7.60266
-6.15739 -7.61113
-6.10916 -7.61729
-6.06279 -7.62325
-6.02081 -7.62887
-5.91075 -7.64448
-5.86945 -7.65062
-5.79384 -7.66282
-5.67288 -7.68306
-5.56251 -7.70251
-5.52918 -7.70889
-5.46346 -7.72168
-5.43879 -7.7266
-5.41726 -7.7314
-5.37914 -7.74004
-5.24713 -7.77017
-5.20682 -7.78007
-5.15247 -7.7935
-5.11843 -7.80206
-5.08182 -7.81148
-5.05298 -7.81934
-5.00091 -7.83399
-4.94069 -7.85157
-4.83391 -7.88345
-4.78951 -7.89733
-4.76189 -7.90644
-4.69107 -7.93038
-4.67277 -7.93658
-4.66419 -7.93963
-4.56883 -7.97442
-4.54819 -7.98246
-4.50739 -7.99847
-4.36984 -8.05392
-4.36525 -8.05579
-4.36509 -8.05586
-4.35086 -8.06229
-4.18076 -8.13918
-4.1609 -8.14851
-4.12939 -8.16392
-4.08343 -8.18649
-4.07807 -8.18916
-4.0445 -8.20636
-4.00207 -8.22874
-3.92666 -8.26936
-3.88898 -8.28972
-3.87289 -8.29887
-3.84823 -8.31292
-3.75573 -8.36878
-3.68928 -8.40941
-3.66142 -8.4269
-3.59069 -8.47186
-3.51861 -8.51932
-3.47699 -8.54729
-3.4132 -8.5935
-3.34808 -8.64077
-3.20559 -8.74481
-3.14873 -8.78812
-3.09457 -8.83015
-2.95968 -8.9391
-2.94404 -8.95179
-2.93506 -8.95901
-2.93058 -8.96276
-2.92981 -8.96341
-2.92675 -8.96599
-2.82349 -9.05319
-2.81136 -9.06367
-2.7985 -9.07469
-2.70012 -9.1605
-2.67464 -9.18276
-2.62129 -9.22958
-2.56879 -9.27708
-2.50797 -9.33051
-2.42112 -9.40545
-2.40532 -9.41957
-2.40299 -9.42162
-2.34044 -9.47662
-2.33882 -9.47809
-2.33562 -9.48086
-2.33507 -9.48132
-2.18998 -9.60844
-2.16992 -9.62525
-2.15226 -9.64056
-2.14265 -9.6486
-2.04862 -9.72935
-2.03998 -9.73659
-2.00101 -9.76869
-1.85386 -9.88794
-1.81766 -9.91652
-1.77364 -9.95018
-1.76315 -9.95832
-1.74994 -9.96815
-1.67707 -10.0231
-1.64614 -10.0451
-1.60392 -10.0758
-1.59249 -10.0837
-1.54865 -10.1146
-1.54125 -10.1197
-1.51712 -10.1357
-1.43046 -10.1949
-1.4066 -10.2105
-1.24091 -10.3112
-1.23131 -10.3171
-1.22725 -10.3194
-1.21644 -10.3254
-1.19454 -10.3374
-1.13454 -10.3704
-1.06649 -10.4081
-1.05732 -10.4131
-0.923405 -10.4801
-0.918772 -10.4823
-0.913226 -10.4849
-0.894439 -10.4937
-0.8918 -10.495
-0.804195 -10.5355
-0.705571 -10.5766
-0.65055 -10.5989
-0.626985 -10.6074
-0.523569 -10.6472
-0.511797 -10.6512
-0.45352 -10.6706
-0.415816 -10.6832
-0.385978 -10.6936
-0.369292 -10.6994
-0.345086 -10.707
-0.268872 -10.7304
-0.173151 -10.7578
-0.0832455 -10.7809
0.00669224 -10.8013
0.0470764 -10.8117
0.0596833 -10.8146
0.141913 -10.8331
0.320245 -10.8663
0.340024 -10.8702
0.358754 -10.8735
0.403247 -10.8802
0.468741 -10.891
0.498213 -10.8955
0.551213 -10.9025
0.620624 -10.9118
0.632818 -10.9135
0.671802 -10.9179
0.71903 -10.9239
0.750073 -10.927
0.782172 -10.931
0.924599 -10.944
0.943776 -10.9456
0.950027 -10.946
0.962356 -10.9469
1.06125 -10.9545
1.20117 -10.9623
1.20798 -10.9628
1.21413 -10.9632
1.27415 -10.9659
1.2785 -10.9661
1.34759 -10.9684
1.38748 -10.97
1.44374 -10.971
1.44764 -10.971
1.48878 -10.972
1.57236 -10.9735
1.67643 -10.974
1.69573 -10.9737
1.72622 -10.9735
1.81678 -10.9726
1.8343 -10.9725
1.85527 -10.9719
1.92897 -10.9705
1.95066 -10.9697
1.99595 -10.9679
2.04113 -10.9662
2.12279 -10.963
2.15917 -10.9617
2.17886 -10.9608
2.23638 -10.9576
2.27852 -10.9553
2.32383 -10.9525
2.34056 -10.9514
2.41489 -10.9454
2.48298 -10.9409
2.5872 -10.9307
2.71039 -10.9184
2.74167 -10.9153
2.79692 -10.9101
2.8648 -10.9035
2.89108 -10.9006
2.98489 -10.8891
3.00642 -10.8865
3.0271 -10.8839
3.04733 -10.8811
3.05857 -10.8796
3.1099 -10.8724
3.18294 -10.8617
3.32238 -10.8402
3.36313 -10.8337
3.373 -10.832
3.39939 -10.8274
3.46418 -10.8161
3.51606 -10.8069
3.51866 -10.8065
3.52994 -10.8043
3.74846 -10.7606
3.76626 -10.7571
3.83032 -10.7435
3.84582 -10.74
3.87676 -10.7331
3.87927 -10.7325
4.07701 -10.6844
4.11209 -10.6757
4.13167 -10.6706
4.1883 -10.655
4.24767 -10.6386
4.35655 -10.608
4.36083 -10.6067
4.41355 -10.5909
4.53692 -10.5521
4.54128 -10.5507
4.54803 -10.5485
4.55821 -10.545
4.70484 -10.4941
4.79356 -10.4618
4.83862 -10.4453
4.85016 -10.4409
4.85722 -10.4381
4.94945 -10.4002
5.06858 -10.3516
5.0762 -10.3484
5.12686 -10.3259
5.17901 -10.3024
5.18856 -10.298
5.22544 -10.2807
5.25776 -10.2656
5.37612 -10.207
5.37874 -10.2057
5.37951 -10.2053
5.37988 -10.2051
5.38507 -10.2023
5.55056 -10.113
5.57119 -10.1014
5.61686 -10.0747
5.69967 -10.0242
5.83663 -9.9383
5.85874 -9.92358
5.88616 -9.90526
5.9765 -9.84215
5.98137 -9.83873
5.98731 -9.83446
6.06378 -9.7776
6.19864 -9.6699
6.2594 -9.62115
6.2917 -9.59337
6.38559 -9.51025
6.4696 -9.43142
6.49212 -9.41002
6.50408 -9.39831
6.54538 -9.35746
6.54953 -9.35327
6.55236 -9.35034
6.63006 -9.26957
6.67069 -9.22636
6.70129 -9.19273
6.71081 -9.18235
6.72539 -9.16582
6.77004 -9.11517
6.86914 -8.99571
6.92122 -8.93262
6.95409 -8.89067
6.98045 -8.85675
6.99727 -8.83432
7.00581 -8.82285
7.04042 -8.77678
7.05672 -8.75463
7.07268 -8.73225
7.13876 -8.63977
7.16075 -8.60805
7.17792 -8.58318
7.20919 -8.53666
7.23361 -8.50015
7.25724 -8.464
7.28296 -8.4246
7.32764 -8.35422
7.34479 -8.32712
7.3616 -8.30015
7.3636 -8.29691
7.38696 -8.25875
7.39856 -8.23975
7.40367 -8.23127
7.46462 -8.12837
7.48938 -8.08614
7.52911 -8.01753
7.54046 -7.99729
7.57103 -7.94268
7.63734 -7.82338
7.67004 -7.7635
7.71993 -7.67066
7.78453 -7.54874
7.79691 -7.52516
7.81996 -7.48045
7.9052 -7.31449
7.91843 -7.28845
7.92888 -7.26806
7.93504 -7.25603
8.0038 -7.1197
8.00877 -7.10999
8.01172 -7.10418
8.04243 -7.04304
8.07706 -6.97407
8.07814 -6.97188
8.08374 -6.96069
8.08607 -6.95615
8.08706 -6.95421
8.0927 -6.9431
8.16413 -6.79984
8.20884 -6.70965
8.2655 -6.59815
8.29936 -6.53161
8.33349 -6.46644
8.36954 -6.39685
8.37437 -6.38734
8.3992 -6.33963
8.39979 -6.33847
8.40031 -6.33745
8.43932 -6.26297
8.44143 -6.25896
8.47722 -6.19136
8.5017 -6.14493
8.51504 -6.12067
8.54673 -6.06105
8.57891 -6.00281
8.59441 -5.97418
8.63339 -5.90438
8.65856 -5.85921
8.66439 -5.849
8.71504 -5.75998
8.73054 -5.73351
8.74447 -5.70946
8.74455 -5.70932
8.81145 -5.5958
8.82917 -5.56602
8.89343 -5.46094
8.90301 -5.44531
8.9154 -5.42551
8.93002 -5.40205
8.93669 -5.39171
9.03064 -5.24437
9.04288 -5.22557
9.07662 -5.17559
9.11661 -5.11515
9.15651 -5.05725
9.16696 -5.04213
9.2114 -5.03799
9.21563 -5.04388
9.4204 -5.06312
9.4435 -5.06192
9.45465 -5.02185
9.46789 -4.99864
9.48783 -5.00226
9.60528 -5.0486
9.68294 -4.99735
9.7213 -4.98808
9.74849 -4.97049
9.78574 -4.94937
9.83656 -4.9835
9.92131 -5.06353
9.96063 -5.05301
10.0606 -4.97096
10.0516 -4.8517
10.0198 -4.80484
9.98752 -4.70138
9.98282 -4.66678
10.0131 -4.66035
10.0878 -4.607
10.0777 -4.57117
10.0578 -4.54777
10.0675 -4.49664
10.0679 -4.46233
10.0256 -4.31203
10.0372 -4.27756
10.0482 -4.26727
10.0919 -4.18393
10.0884 -4.15667
10.0664 -4.03699
10.0654 -4.02665
10.0925 -3.89323
10.1083 -3.87569
10.118 -3.86513
10.1317 -3.85022
10.2005 -3.77495
10.2068 -3.76807
10.2098 -3.76471
10.328 -3.63581
10.3517 -3.60985
10.3961 -3.56326
10.3989 -3.56027
10.405 -3.55365
10.4687 -3.48465
10.5009 -3.45
10.5218 -3.42666
10.5335 -3.41369
10.6179 -3.32019
10.7311 -3.19771
10.7833 -3.14118
10.7918 -3.13203
10.8297 -3.09006
10.8461 -3.07172
10.8528 -3.06429
10.8621 -3.05339
10.9644 -2.93681
10.9711 -2.92908
10.9755 -2.92398
11.0121 -2.88127
11.0274 -2.86333
11.0468 -2.83984
11.1496 -2.71444
11.166 -2.6943
11.1691 -2.69037
11.2858 -2.54191
11.3182 -2.50067
11.3224 -2.49526
11.3238 -2.49348
11.3539 -2.45285
11.4046 -2.3832
11.4156 -2.36798
11.4698 -2.28903
11.5167 -2.21997
11.5672 -2.14231
11.657 -1.99692
11.6643 -1.98509
11.67 -1.97568
11.6717 -1.97257
11.7153 -1.89486
11.7263 -1.87489
11.7744 -1.78571
11.8038 -1.72988
11.8261 -1.68509
11.832 -1.6731
11.8463 -1.64346
11.8629 -1.60903
11.9042 -1.51497
11.9359 -1.44276
11.936 -1.44243
11.9524 -1.40175
11.9577 -1.38838
11.9817 -1.32641
11.9829 -1.32324
11.9871 -1.31187
12.018 -1.22468
12.0301 -1.19014
12.0395 -1.16252
12.0637 -1.0804
12.095 -0.973228
12.1133 -0.902521
12.1401 -0.791511
12.1454 -0.76734
12.1616 -0.686414
12.1632 -0.678443
12.1635 -0.676963
12.1644 -0.6716
12.1981 -0.443176
12.2081 -0.356031
12.214 -0.296178
12.2141 -0.294862
12.2164 -0.258347
12.2222 -0.16602
12.2229 -0.147635
12.2254 -0.0502261
12.2255 -0.0425966
12.2256 -0.0387712
12.2256 -0.0323417
12.2253 0.00279357
12.2239 0.101814
12.2237 0.109814
12.2208 0.167957
12.2082 0.35075
12.2052 0.383924
12.2006 0.430458
12.1994 0.441578
12.1986 0.448203
12.1913 0.50465
12.1909 0.507685
12.1888 0.521826
12.1882 0.525406
12.1842 0.551356
12.1785 0.587282
12.1649 0.663939
12.1548 0.719253
12.1123 0.908037
12.1081 0.926369
12.1044 0.939158
12.0282 1.18973
12.0071 1.25193
11.9999 1.27313
11.9528 1.40029
11.9477 1.41349
11.9391 1.43463
11.9164 1.48726
11.9072 1.5082
11.8646 1.60273
11.8355 1.66616
11.8227 1.69213
11.8001 1.73628
11.7857 1.76328
11.7768 1.78011
11.7499 1.82951
11.6819 1.95326
11.6736 1.96838
11.6626 1.98795
11.6061 2.07926
11.5808 2.1201
11.5359 2.18949
11.5087 2.23141
11.4756 2.27931
11.4459 2.32262
11.4244 2.35389
11.3898 2.40257
11.3552 2.45042
11.3186 2.49886
11.199 2.65432
11.1899 2.66627
11.1527 2.71086
11.0476 2.83646
11.005 2.88893
11.0007 2.89423
10.991 2.90592
10.9864 2.91126
10.975 2.92452
10.9233 2.98374
10.8828 3.03004
10.8657 3.04908
10.8015 3.12102
10.7447 3.1839
10.6828 3.25245
10.6799 3.25573
10.633 3.30623
10.6075 3.33455
10.5852 3.35876
10.5815 3.36275
10.5423 3.4045
10.5169 3.43233
10.4724 3.48056
10.4625 3.49141
10.4482 3.50665
10.3739 3.58718
10.365 3.59685
10.3363 3.62774
10.3204 3.64477
10.2883 3.67965
10.2796 3.68893
10.2769 3.6919
10.2276 3.74562
10.1564 3.82286
10.1526 3.82718
10.0375 3.95327
9.99452 4.00038
9.96778 4.03164
9.88914 4.12255
9.80594 4.21715
9.78778 4.23823
9.72829 4.309
9.67981 4.36713
9.67537 4.37241
9.63025 4.42659
9.61463 4.44503
9.5546 4.51943
9.51872 4.56398
9.48192 4.61092
9.45627 4.644
9.35714 4.77714
9.35228 4.7836
9.347 4.79066
9.31179 4.83864
9.30589 4.84663
9.30503 4.8478
9.30111 4.85342
9.18363 5.01948
9.15806 5.05498
9.13248 5.09159
9.11744 5.11389
9.08039 5.16955
9.01625 5.26636
8.9988 5.29307
8.95585 5.3603
8.902 5.4479
8.87873 5.48449
8.86267 5.51063
8.81114 5.59667
8.7557 5.69012
8.75167 5.69706
8.7405 5.71637
8.69534 5.79452
8.68875 5.80604
8.67756 5.82623
8.63041 5.90901
8.61828 5.9301
8.55558 6.04465
8.54812 6.05814
8.52526 6.10051
8.51349 6.12308
8.4714 6.20174
8.45331 6.23622
8.44335 6.25556
8.41977 6.29987
8.40261 6.33179
8.27961 6.57217
8.2796 6.57219
8.27959 6.5722
8.27956 6.57225
8.27952 6.57234
8.18169 6.76536
8.17661 6.77571
8.1699 6.78921
8.16762 6.79378
8.16278 6.80342
8.15349 6.82183
8.12494 6.87901
8.07309 6.98129
8.05622 7.01554
8.05294 7.02206
8.04677 7.03413
7.99022 7.14686
7.97032 7.18635
7.95445 7.21774
7.94303 7.24013
7.93978 7.24659
7.9245 7.27688
7.9121 7.30128
7.90798 7.30939
7.90692 7.31146
7.90359 7.31802
7.87321 7.37735
7.86645 7.39036
7.83879 7.44377
7.78814 7.54084
7.77049 7.57503
7.75873 7.5975
7.74509 7.61969
7.73973 7.62696
7.73748 7.62916
7.6066 7.6066
6.32672 7.40763
5.40514 7.43954
4.78848 7.81408
4.37421 8.58488
4.03314 9.73687
3.76184 10.7264
3.75728 10.741
3.72936 10.7633
3.71698 10.7666
3.71264 10.7677
3.6868 10.7734
3.62461 10.786
3.56818 10.7972
3.4634 10.8165
3.45264 10.8185
3.38502 10.8301
3.37672 10.8315
3.31709 10.8414
3.31155 10.8423
3.30272 10.8437
3.22729 10.8553
3.17392 10.8634
3.16381 10.8649
3.09957 10.874
3.08798 10.8756
3.06214 10.8791
2.96932 10.8913
2.89463 10.9001
2.84474 10.9062
2.74956 10.916
2.69123 10.9221
2.65168 10.9264
2.65156 10.9264
2.65148 10.9264
2.5971 10.931
2.55884 10.9344
2.42466 10.9441
2.3295 10.952
2.29644 10.9542
2.29268 10.9544
2.25255 10.9563
2.2148 10.9581
2.15685 10.9618
2.14002 10.9627
2.05902 10.9659
2.02557 10.9674
1.93562 10.9695
1.92031 10.9698
1.86375 10.971
1.81209 10.9727
1.75936 10.9733
1.74999 10.9735
1.72963 10.9736
1.65537 10.9738
1.59946 10.9737
1.58318 10.9735
1.56348 10.9732
1.53065 10.9732
1.51895 10.973
1.44792 10.971
1.30332 10.9638
1.20364 10.9624
1.16667 10.9608
1.13942 10.9593
1.12556 10.9583
1.08571 10.9551
1.02925 10.9506
0.973643 10.9474
0.898727 10.9419
0.813113 10.9337
0.805235 10.9329
0.795958 10.932
0.741976 10.9264
0.723152 10.9243
0.662054 10.917
0.630634 10.9133
0.615598 10.9114
0.602529 10.9096
0.520243 10.899
0.43132 10.8846
0.380728 10.8772
0.320869 10.867
0.282394 10.8602
0.212285 10.8469
0.209664 10.8463
0.208126 10.8459
0.195916 10.8432
0.00770451 10.8023
-0.00430329 10.7998
-0.0504341 10.7894
-0.101983 10.7762
-0.12912 10.7691
-0.140597 10.7659
-0.224414 10.7437
-0.241814 10.7387
-0.377654 10.6952
-0.43336 10.6783
-0.538298 10.6424
-0.564437 10.6331
-0.628134 10.6079
-0.653419 10.5975
-0.698281 10.5803
-0.746644 10.5597
-0.774882 10.5478
-0.792391 10.5394
-0.891631 10.4958
-1.00169 10.4435

3 7
7 7
7 3
3 3
3 7

-7 -3
-3 -3
-3 -7
-7 -7
-7 -3

