-8.53722 -2.12716
-8.53611 -2.14388
-8.53564 -2.15094
-8.53497 -2.15891
-8.53316 -2.182
-8.52853 -2.2556
-8.52703 -2.27496
-8.52223 -2.34247
-8.51334 -2.45764
-8.51065 -2.48774
-8.50826 -2.51228
-8.5006 -2.59669
-8.48058 -2.77819
-8.47705 -2.8171
-8.47674 -2.82213
-8.47386 -2.84672
-8.46852 -2.88911
-8.45941 -2.96245
-8.44813 -3.03637
-8.44297 -3.07563
-8.43546 -3.12719
-8.42461 -3.1886
-8.39154 -3.36748
-8.38488 -3.39914
-8.38319 -3.40575
-8.37428 -3.44509
-8.35834 -3.51707
-8.34232 -3.58616
-8.34018 -3.59473
-8.33572 -3.61149
-8.32563 -3.65117
-8.30186 -3.73497
-8.28805 -3.78347
-8.28126 -3.80496
-8.26459 -3.85743
-8.25125 -3.89675
-8.24862 -3.90468
-8.24809 -3.90629
-8.23626 -3.9391
-8.19241 -4.05224
-8.13449 -4.18981
-8.10356 -4.25444
-8.07803 -4.30393
-8.06239 -4.334
-8.05333 -4.35082
-8.0305 -4.38998
-8.01512 -4.4177
-7.9846 -4.46726
-7.95696 -4.50624
-7.88517 -4.61488
-7.85918 -4.64799
-7.8147 -4.70372
-7.80452 -4.71587
-7.74479 -4.78014
-7.695 -4.83378
-7.69003 -4.83917
-7.68793 -4.8412
-7.6766 -4.85179
-7.60121 -4.92327
-7.56149 -4.95926
-7.51946 -4.99503
-7.50863 -5.00382
-7.4811 -5.02603
-7.45925 -5.04352
-7.39507 -5.09205
-7.34914 -5.12304
-7.31297 -5.14927
-7.27376 -5.17403
-7.22974 -5.20018
-7.22692 -5.20205
-7.09054 -5.27911
-7.06047 -5.29702
-7.05821 -5.29836
-7.0208 -5.30682
-7.01833 -5.30214
-7.01193 -5.29051
-7 -5.15364
-7 -3
-3 -3
-3 -6.80432
-2.99991 -6.80622
-2.99848 -6.80588
-2.99443 -6.80115
-2.97675 -6.80329
-2.95707 -6.8121
-2.94504 -6.81802
-2.93066 -6.82585
-2.89664 -6.84523
-2.87371 -6.85844
-2.85168 -6.87152
-2.84411 -6.87605
-2.82057 -6.89014
-2.74008 -6.93961
-2.62064 -7.01433
-2.59439 -7.03105
-2.57553 -7.04343
-2.53874 -7.0678
-2.52207 -7.07896
-2.50899 -7.08778
-2.40075 -7.16282
-2.37307 -7.18226
-2.32387 -7.21717
-2.2788 -7.24988
-2.24849 -7.27216
-2.22434 -7.29023
-2.1771 -7.32584
-2.13167 -7.3608
-2.09335 -7.39028
-2.04915 -7.42488
-2.03935 -7.43268
-1.9269 -7.52337
-1.92047 -7.52863
-1.91813 -7.53057
-1.89911 -7.5464
-1.81991 -7.61236
-1.80462 -7.62517
-1.7982 -7.63063
-1.78347 -7.64319
-1.74425 -7.67689
-1.64571 -7.76222
-1.59052 -7.81069
-1.58753 -7.81337
-1.49122 -7.89929
-1.40987 -7.97202
-1.39312 -7.98694
-1.37251 -8.00556
-1.33139 -8.04289
-1.25072 -8.11606
-1.23315 -8.13208
-1.14077 -8.2158
-1.11181 -8.24216
-1.07462 -8.27566
-1.06015 -8.28874
-1.02597 -8.31933
-1.01703 -8.32739
-1.00369 -8.33939
-0.980251 -8.36032
-0.935532 -8.4002
-0.923381 -8.41101
-0.795283 -8.52326
-0.790462 -8.52747
-0.76457 -8.54988
-0.652013 -8.64501
-0.480476 -8.7846
-0.440034 -8.81657
-0.40039 -8.84713
-0.380123 -8.86243
-0.316579 -8.91043
-0.230377 -8.97283
-0.215053 -8.98395
-0.208475 -8.98856
-0.16521 -9.01892
-0.122693 -9.04751
-0.0906289 -9.06884
-0.0484624 -9.09743
-0.029379 -9.10991
0.241953 -9.27161
0.256296 -9.28034
0.278278 -9.29313
0.377138 -9.34463
0.401468 -9.3576
0.445715 -9.37955
0.504427 -9.40791
0.537374 -9.42335
0.561703 -9.43418
0.582218 -9.44286
0.750543 -9.51468
0.801786 -9.53453
0.849039 -9.5525
0.850755 -9.55316
0.852748 -9.55389
0.859951 -9.55652
0.879115 -9.56349
0.895479 -9.56932
0.962069 -9.59139
1.01665 -9.60971
1.14075 -9.64846
1.157 -9.65325
1.22458 -9.67139
1.39565 -9.71439
1.44998 -9.72605
1.48774 -9.73456
1.54501 -9.74598
1.54845 -9.74671
1.56134 -9.74924
1.6005 -9.75631
1.66945 -9.76835
1.71878 -9.7763
1.78108 -9.78569
1.83681 -9.79299
1.89771 -9.80059
1.92443 -9.8036
1.99837 -9.81166
2.06906 -9.8183
2.07853 -9.81912
2.12909 -9.82265
2.23749 -9.82963
2.26225 -9.83095
2.264 -9.83103
2.3633 -9.83402
2.41398 -9.83549
2.43766 -9.83602
2.45292 -9.83644
2.4586 -9.83648
2.63491 -9.83533
2.6373 -9.83531
2.64036 -9.83523
2.77203 -9.82959
3.02637 -9.80602
3.12257 -9.79795
3.14812 -9.79581
3.18945 -9.79234
3.26292 -9.78268
3.4371 -9.75465
3.49155 -9.74623
3.53849 -9.73762
3.55128 -9.735
3.62506 -9.71985
3.64542 -9.71516
3.69102 -9.70437
3.84429 -9.66753
3.97181 -9.63138
4.03113 -9.61418
4.06523 -9.60381
4.14265 -9.57973
4.15223 -9.57663
4.18204 -9.56669
4.18342 -9.56621
4.2599 -9.53883
4.30986 -9.52033
4.32736 -9.51385
4.36139 -9.50054
4.49447 -9.44551
4.57126 -9.41227
4.5877 -9.40487
4.65958 -9.37158
4.67178 -9.36567
4.71609 -9.34371
4.77698 -9.31277
4.84119 -9.27914
4.84533 -9.27685
4.93112 -9.2287
4.94889 -9.21813
4.96323 -9.20937
5.05115 -9.15574
5.12531 -9.10898
5.16393 -9.08371
5.21772 -9.04699
5.25558 -9.02064
5.30203 -8.98659
5.34372 -8.9555
5.39256 -8.91847
5.42006 -8.89635
5.56526 -8.77567
5.56622 -8.77487
5.56732 -8.77392
5.56963 -8.7718
5.65224 -8.69567
5.72235 -8.62956
5.74278 -8.60924
5.79755 -8.55445
5.85979 -8.48887
5.91067 -8.4326
5.98903 -8.34452
6.01784 -8.31174
6.01829 -8.3112
6.08678 -8.22697
6.12465 -8.17909
6.17632 -8.11105
6.195 -8.08628
6.20919 -8.06714
6.23524 -8.03137
6.27456 -7.97607
6.28489 -7.96143
6.28951 -7.95483
6.3162 -7.91596
6.32112 -7.90853
6.34683 -7.86946
6.42586 -7.74885
6.43507 -7.73414
6.45575 -7.70028
6.5089 -7.61322
6.57923 -7.49161
6.60412 -7.44843
6.61979 -7.42046
6.6369 -7.38977
6.66166 -7.34415
6.67284 -7.32351
6.69825 -7.27549
6.70425 -7.26401
6.73935 -7.1954
6.7687 -7.13799
6.78865 -7.0987
6.79186 -7.09241
6.79858 -7.07903
6.83906 -6.99598
6.87228 -6.92785
6.87292 -6.9265
6.87794 -6.91594
6.88216 -6.90703
6.88243 -6.90648
6.90384 -6.86003
6.92756 -6.80932
6.94562 -6.76957
6.96847 -6.71994
6.99201 -6.66789
7.01365 -6.61862
7.03669 -6.56729
7.05205 -6.53133
7.10866 -6.40104
7.11398 -6.3891
7.12303 -6.36834
7.16221 -6.27571
7.17905 -6.23506
7.22684 -6.11984
7.25017 -6.06328
7.2592 -6.04163
7.28444 -5.98213
7.289 -5.97098
7.30157 -5.94014
7.3147 -5.90833
7.32355 -5.88644
7.32798 -5.87613
7.36326 -5.78916
7.41183 -5.67046
7.43615 -5.61221
7.43987 -5.60317
7.46129 -5.55186
7.48775 -5.48672
7.50436 -5.44419
7.53966 -5.36114
7.56976 -5.28772
7.59947 -5.21826
7.62006 -5.17099
7.62378 -5.16258
7.63051 -5.14812
7.6514 -5.09965
7.65704 -5.08709
7.67719 -5.03986
7.6364 -4.83793
7.53389 -4.89516
7.52227 -4.91682
7.46678 -4.98731
7.31898 -4.90982
7.23642 -4.90974
7.13244 -4.73445
7.0349 -4.72744
6.8885 -4.74641
6.78418 -4.75329
6.67031 -4.79041
6.50311 -4.88711
6.49295 -4.98236
6.37584 -4.92968
6.27766 -4.95624
6.22978 -4.96143
6.01542 -4.99617
5.98722 -4.9908
5.92999 -4.91897
5.88643 -4.90726
5.80797 -4.82503
5.66079 -4.85565
5.60169 -4.91272
5.54179 -4.86376
5.40325 -4.86393
5.28977 -4.92015
5.02103 -4.98366
5.0484 -4.8574
5.09517 -4.80204
5.21286 -4.64369
5.13496 -4.54006
5.02719 -4.46894
5.03666 -4.28962
5.01366 -4.19904
5.13661 -4.16421
5.18356 -4.07476
5.1972 -4.04301
5.14206 -3.88923
5.02226 -3.74176
5.11834 -3.58123
5.07491 -3.53045
5.00888 -3.48654
5.13485 -3.49474
5.09581 -3.27134
5.11817 -3.22874
5.03606 -3.11944
5.0399 -3.055
5.04685 -2.81395
5.02613 -2.64565
5.0152 -2.62518
5.06371 -2.53128
5.04714 -2.42997
5.02834 -2.3873
5.16384 -2.22643
5.10071 -2.14369
5.07733 -2.09166
5.02137 -2.06013
5.0369 -2.03948
5.06129 -1.96646
5.00535 -1.86818
5.1787 -1.69249
5.05824 -1.60964
5.07031 -1.54453
5.08642 -1.5284
5.10956 -1.46983
5.02607 -1.41639
5.06365 -1.36038
5.14219 -1.17607
5.05632 -1.16713
5.08535 -1.13148
5.10746 -1.12975
5.17218 -1.01381
5.23444 -1.05399
5.34055 -1.12291
5.45803 -1.08306
5.50263 -1.11483
5.67971 -1.12284
5.70317 -1.09838
5.9004 -1.067
6.0468 -1.07747
6.23221 -1.05979
6.24573 -1.02915
6.40693 -1.08868
6.51648 -1.09278
6.59041 -1.04785
6.64033 -1.06175
6.76536 -1.04174
6.97524 -1.04648
7.08487 -1.03037
7.19152 -1.07694
7.27814 -1.08061
7.28442 -1.07522
7.40225 -1.09246
7.5339 -1.02906
7.56226 -1.05733
7.67818 -1.10098
7.84474 -1.04474
7.84808 -1.03884
7.97807 -1.06282
7.99995 -1.06072
8.07458 -1.04194
8.17791 -1.12143
8.27539 -1.17105
8.45849 -1.06146
8.56836 -1.02903
8.56407 -1.0392
8.6041 -1.16771
8.74687 -1.0946
8.86955 -1.00984
9.11234 -1.06418
9.14833 -1.00979
9.26434 -1.00568
9.26775 -1.00569
9.27654 -1.01111
9.40212 -1.0114
9.53313 -1.00429
9.55385 -1.00743
9.55634 -1.05064
9.81232 -1.05996
9.90291 -1.09822
9.95562 -1.16688
9.97211 -1.34217
9.86868 -1.4575
9.98522 -1.59183
9.95732 -1.67295
9.97295 -1.69495
10.0208 -1.67672
10.0325 -1.66003
10.0658 -1.61441
10.0952 -1.57225
10.1055 -1.55727
10.1241 -1.52915
10.1842 -1.43661
10.1891 -1.42899
10.2347 -1.35436
10.2445 -1.33791
10.2984 -1.24574
10.3071 -1.22974
10.3147 -1.2159
10.3404 -1.16545
10.3837 -1.08057
10.3997 -1.0467
10.445 -0.943916
10.4833 -0.846696
10.4909 -0.82673
10.4999 -0.801487
10.5343 -0.697446
10.5376 -0.684752
10.5483 -0.644113
10.5867 -0.499625
10.5883 -0.492965
10.5958 -0.461335
10.6003 -0.437738
10.6017 -0.430326
10.6047 -0.413937
10.6097 -0.377047
10.6344 -0.186528
10.6385 -0.123378
10.642 -0.0472588
10.6418 0.0702445
10.6417 0.0740311
10.6416 0.0755513
10.6369 0.157765
10.6215 0.307594
10.619 0.327501
10.6057 0.40805
10.5975 0.447729
10.5906 0.479126
10.5738 0.55473
10.5676 0.578647
10.5523 0.636678
10.549 0.649061
10.5358 0.693581
10.5128 0.765533
10.5003 0.802138
10.4919 0.826103
10.4834 0.848326
10.4465 0.940432
10.4208 1.00002
10.4048 1.03479
10.3847 1.07805
10.3815 1.08483
10.3678 1.11318
10.3482 1.15274
10.346 1.15694
10.3443 1.16015
10.3387 1.17074
10.3009 1.23914
10.2628 1.30636
10.2544 1.32137
10.2485 1.33163
10.2132 1.39107
10.2112 1.39444
10.1694 1.45726
10.141 1.50002
10.1304 1.51631
10.0643 1.61115
10.0304 1.65959
10.008 1.69138
9.97892 1.732
9.92832 1.79971
9.92155 1.80803
9.85033 1.89994
9.84138 1.91063
9.83523 1.91854
9.83053 1.92428
9.727 2.04897
9.69964 2.07952
9.63529 2.15184
9.5815 2.21475
9.52915 2.276
9.50733 2.30152
9.47101 2.34252
9.44092 2.37703
9.41834 2.4022
9.35767 2.47222
9.32032 2.5137
9.29622 2.54225
9.28073 2.55967
9.25769 2.58657
9.22681 2.62159
9.21855 2.631
9.1886 2.66499
9.1416 2.7168
9.12207 2.74006
9.0105 2.87066
9.00217 2.88075
8.95563 2.93518
8.94233 2.95085
8.90482 2.99536
8.82212 3.09818
8.80987 3.11363
8.80515 3.11945
8.78532 3.14381
8.76798 3.16638
8.70926 3.24139
8.68051 3.28005
8.61471 3.36642
8.59896 3.38854
8.57009 3.42655
8.54598 3.46189
8.47586 3.55982
8.47141 3.56666
8.40347 3.66775
8.39755 3.67686
8.36951 3.7216
8.31974 3.7986
8.30322 3.82536
8.26996 3.87796
8.22116 3.96001
8.219 3.96348
8.20808 3.98223
8.17731 4.03453
8.16713 4.05232
8.16262 4.06027
8.13851 4.10355
8.09135 4.18741
8.08544 4.19804
8.06091 4.24322
8.0253 4.31123
7.99806 4.36236
7.99331 4.37151
7.96766 4.42213
7.96052 4.43631
7.9352 4.48542
7.91151 4.53242
7.81237 4.73627
7.80239 4.75875
7.748 4.87871
7.73533 4.90896
7.71569 4.95413
7.69269 5.00452
7.68351 5.02516
7.64961 5.10408
7.64848 5.10661
7.63205 5.14445
7.63067 5.1475
7.57818 5.27109
7.57493 5.27836
7.56524 5.30036
7.5044 5.44619
7.47136 5.52512
7.46474 5.54194
7.4503 5.57827
7.44742 5.58527
7.42346 5.64313
7.41993 5.65184
7.37736 5.75299
7.35548 5.80626
7.32226 5.88163
7.28212 5.97938
7.27012 6.00984
7.25643 6.04609
7.24898 6.06434
7.22905 6.11277
7.22316 6.12771
7.19246 6.20377
7.17043 6.2561
7.15006 6.30334
7.12035 6.37424
7.11618 6.38406
7.08881 6.44409
7.03641 6.55084
7.01995 6.55782
7.01661 6.55821
7.00798 6.55113
7.00438 6.54277
7 6.43792
7 6.348
7 3
3 3
3 7
6.71776 7
6.77232 7.00022
6.8054 7.00112
6.82172 7.00259
6.83166 7.00657
6.83246 7.00738
6.7982 7.07826
6.79005 7.09524
6.77283 7.13028
6.7685 7.13907
6.73944 7.19651
6.73357 7.20792
6.64162 7.38059
6.62732 7.40683
6.62156 7.41608
6.5819 7.4473
6.32672 7.40763
5.40514 7.43954
4.78848 7.81408
4.37421 8.58488
4.07947 9.58039
4.07126 9.59862
4.06945 9.60209
4.0498 9.60956
4.03675 9.61358
4.01205 9.62104
3.97955 9.63081
3.96651 9.63458
3.95419 9.63786
3.93868 9.64191
3.81533 9.67386
3.75281 9.69007
3.72329 9.69732
3.69522 9.70404
3.64024 9.71568
3.53349 9.7382
3.47917 9.74885
3.41751 9.75959
3.37777 9.76601
3.32138 9.7752
3.29578 9.77901
3.27559 9.78159
3.2453 9.78512
3.23388 9.78638
2.98278 9.81488
2.93661 9.81993
2.93296 9.82021
2.9298 9.82044
2.78732 9.82824
2.7047 9.83199
2.62149 9.83563
2.61998 9.83567
2.6145 9.8357
2.60891 9.83577
2.46417 9.83599
2.43019 9.83585
2.37279 9.83466
2.2288 9.82922
2.21892 9.82879
2.21435 9.82851
2.20826 9.82813
2.20411 9.82787
2.13035 9.82306
2.11111 9.82171
2.00465 9.81243
1.9901 9.81114
1.98919 9.81104
1.96961 9.80894
1.91157 9.80265
1.84775 9.79463
1.83738 9.79337
1.73012 9.77672
1.65159 9.76539
1.58204 9.75305
1.56834 9.75052
1.55372 9.74742
1.52416 9.74135
1.43017 9.72233
1.38543 9.71216
1.32327 9.69724
1.29312 9.6899
1.25756 9.68053
1.23507 9.67459
1.15628 9.65305
1.15377 9.65234
1.15279 9.65206
1.14967 9.65115
1.12471 9.64385
1.05862 9.62377
1.0452 9.61956
1.04309 9.61883
0.924297 9.5795
0.903594 9.57219
0.82274 9.54094
0.713333 9.49962
0.710845 9.49858
0.682911 9.48724
0.566963 9.43616
0.544234 9.4263
0.490288 9.40092
0.451465 9.38241
0.428189 9.37103
0.393184 9.35352
0.39189 9.35284
0.186828 9.24188
0.18432 9.2405
0.181545 9.23889
0.172113 9.2334
0.153234 9.22244
0.0909223 9.18496
0.0734721 9.17458
0.0528501 9.16186
0.0347608 9.15064
-0.0360987 9.10558
-0.180063 9.00727
-0.21198 8.98605
-0.2348 8.96991
-0.335622 8.89613
-0.337491 8.89474
-0.380955 8.86201
-0.386054 8.85811
-0.423664 8.82924
-0.426858 8.82676
-0.514299 8.75762
-0.519803 8.75329
-0.531611 8.74396
-0.540833 8.73657
-0.551531 8.72772
-0.626365 8.6666
-0.644589 8.65124
-0.70011 8.60487
-0.718238 8.5894
-0.727068 8.58185
-0.746428 8.56541
-0.782565 8.53403
-0.909764 8.42336
-0.948147 8.38896
-0.997979 8.34441
-1.00883 8.3348
-1.01412 8.33004
-1.03508 8.31109
-1.11399 8.24009
-1.12816 8.22729
-1.17736 8.18256
-1.32724 8.0465
-1.3374 8.03733
-1.387 7.99265
-1.54307 7.85243
-1.54647 7.84938
-1.54962 7.84657
-1.55055 7.84574
-1.62175 7.78308
-1.67821 7.73407
-1.77928 7.6467
-1.80061 7.62864
-1.84415 7.59194
-1.87653 7.56508
-1.90928 7.53812
-2.07449 7.40495
-2.07659 7.40326
-2.0774 7.40262
-2.07851 7.40175
-2.1088 7.37839
-2.29879 7.23525
-2.30088 7.23368
-2.30862 7.22804
-2.32901 7.21384
-2.54876 7.06118
-2.55671 7.05587
-2.57302 7.04518
-2.69613 6.96598
-2.70005 6.9635
-2.70938 6.95771
-2.77102 6.91965
-2.81772 6.89169
-2.84219 6.87728
-2.87624 6.85721
-2.89114 6.84851
-2.89725 6.84503
-2.97538 6.80055
-2.99218 6.79115
-3.0802 6.74259
-3.09017 6.73741
-3.25765 6.65064
-3.26584 6.64657
-3.31998 6.61979
-3.33964 6.61013
-3.34862 6.60588
-3.37185 6.59487
-3.39653 6.58327
-3.43436 6.56546
-3.4514 6.55753
-3.52256 6.52496
-3.59287 6.49337
-3.6308 6.47683
-3.64321 6.47146
-3.69215 6.45085
-3.75093 6.42618
-3.79028 6.40977
-3.80956 6.4021
-3.88442 6.37246
-3.91389 6.3608
-3.97919 6.3354
-4.0103 6.32354
-4.04698 6.30997
-4.12387 6.28163
-4.13326 6.27823
-4.15575 6.27012
-4.16766 6.26591
-4.32102 6.21229
-4.34669 6.20352
-4.3722 6.19479
-4.38737 6.18968
-4.40071 6.18524
-4.4072 6.1831
-4.42021 6.1788
-4.49614 6.15382
-4.50979 6.14943
-4.60751 6.11834
-4.62599 6.11249
-4.66393 6.10049
-4.67716 6.09633
-4.70021 6.08941
-4.92725 6.02064
-4.94239 6.01621
-4.95145 6.01363
-4.98183 6.0048
-5.1836 5.94606
-5.20006 5.94136
-5.23589 5.93106
-5.24174 5.9294
-5.24301 5.92906
-5.29884 5.91323
-5.40652 5.88276
-5.4404 5.87274
-5.52191 5.84973
-5.55483 5.84093
-5.57747 5.83428
-5.68679 5.80258
-5.69964 5.79882
-5.71138 5.79531
-5.72534 5.79113
-5.91517 5.73581
-5.96107 5.72214
-6.00112 5.70981
-6.09358 5.68189
-6.1439 5.66553
-6.17219 5.65584
-6.26333 5.62534
-6.34419 5.59897
-6.35923 5.59353
-6.36207 5.59244
-6.62313 5.49872
-6.68899 5.4705
-6.72208 5.45682
-6.76756 5.43801
-6.82666 5.41083
-6.84339 5.40301
-6.92092 5.36847
-6.97216 5.34365
-7.09495 5.27874
-7.15336 5.24605
-7.16176 5.24125
-7.20431 5.21676
-7.23871 5.1957
-7.27247 5.17495
-7.29106 5.16228
-7.37671 5.10603
-7.47369 5.03077
-7.4907 5.01836
-7.50161 5.00984
-7.51013 5.00284
-7.51941 4.99452
-7.65769 4.87277
-7.75985 4.76445
-7.77763 4.74501
-7.78091 4.74122
-7.78383 4.73782
-7.7922 4.72811
-7.82576 4.68765
-7.85845 4.64609
-7.88489 4.61221
-7.89994 4.59228
-7.94741 4.52266
-7.96995 4.49002
-7.99764 4.44575
-8.0034 4.43663
-8.04151 4.36558
-8.15034 4.15827
-8.16513 4.12199
-8.16796 4.1152
-8.1702 4.10928
-8.17528 4.09574
-8.17757 4.08992
-8.21472 3.99853
-8.23476 3.94446
-8.23661 3.93932
-8.24092 3.92551
-8.28276 3.80223
-8.30099 3.73872
-8.30261 3.7337
-8.33451 3.61415
-8.33927 3.59816
-8.33934 3.59792
-8.35409 3.5376
-8.35427 3.53698
-8.35445 3.53619
-8.35465 3.53532
-8.37944 3.427
-8.38573 3.39084
-8.40214 3.30572
-8.41115 3.26154
-8.41235 3.25612
-8.42167 3.20575
-8.43101 3.14922
-8.44033 3.08495
-8.44757 3.03833
-8.45173 3.01427
-8.46256 2.93175
-8.46375 2.92433
-8.46724 2.90055
-8.47124 2.86961
-8.48225 2.76447
-8.49391 2.66856
-8.49557 2.65085
-8.49732 2.63015
-8.49834 2.62047
-8.50136 2.58215
-8.5128 2.46705
-8.51686 2.4087
-8.53008 2.22957
-8.53128 2.21501
-8.53197 2.20759
-8.53311 2.18831
-8.54228 2.04205
-8.54544 1.96849
-8.54763 1.9319
-8.54825 1.91636
-8.55066 1.86761
-8.55189 1.84149
-8.55267 1.82722
-8.55282 1.82448
-8.55362 1.80842
-8.55934 1.66929
-8.56083 1.63058
-8.56126 1.61272
-8.56496 1.51203
-8.56554 1.48075
-8.57047 1.3232
-8.57092 1.29614
-8.57197 1.24697
-8.57435 1.15324
-8.57603 1.08732
-8.57778 0.993765
-8.57872 0.934919
-8.57899 0.906481
-8.57929 0.867822
-8.58077 0.77751
-8.58101 0.762446
-8.58165 0.712461
-8.58188 0.695438
-8.58193 0.691145
-8.58276 0.61098
-8.58297 0.590232
-8.58307 0.581523
-8.58311 0.578948
-8.58406 0.462534
-8.58429 0.435357
-8.58438 0.420221
-8.58468 0.376181
-8.5849 0.31658
-8.58521 0.250211
-8.5854 0.213015
-8.58542 0.206626
-8.58565 0.0677911
-8.58569 0.0338518
-8.58573 -0.0100376
-8.58573 -0.0154935
-8.58567 -0.0528671
-8.58563 -0.0759077
-8.58543 -0.195871
-8.5854 -0.207088
-8.58535 -0.229409
-8.58529 -0.244685
-8.58505 -0.291036
-8.58458 -0.39271
-8.58413 -0.438733
-8.58364 -0.488696
-8.58335 -0.513648
-8.58245 -0.656582
-8.58197 -0.694827
-8.58159 -0.725124
-8.58071 -0.764007
-8.58027 -0.796559
-8.57941 -0.845226
-8.57902 -0.871533
-8.57811 -0.924716
-8.57719 -1.02149
-8.5765 -1.05184
-8.5752 -1.12355
-8.5725 -1.21922
-8.57148 -1.26724
-8.56898 -1.38705
-8.56382 -1.53632
-8.56337 -1.5563
-8.56156 -1.60687
-8.56096 -1.62216
-8.56065 -1.62903
-8.56014 -1.64236
-8.55581 -1.7443
-8.55492 -1.77966
-8.55168 -1.84892
-8.55102 -1.86419
-8.54848 -1.91768
-8.54548 -1.96866
-8.53722 -2.12716

